54.00000000000005 378 11.000000000000046 378 11.00000000000005 435 54.00000000000006 435 Platelets 0
229.00000000000003 225 199 225 199.00000000000003 262 229.00000000000006 262 Platelets 0
304 273 261 273 261 322 304 322 Platelets 0
138.00000000000003 125.00000000000001 8.000000000000014 125 8.000000000000025 300 138.00000000000006 300 RBC 0
170 1.432836755002403e-14 64 7.83773951454306e-15 64 112.00000000000001 170 112.00000000000003 RBC 0
52.000000000000014 3.1840816777831186e-15 0 0 7.102951435054649e-15 116 52.000000000000014 116 RBC 0
350 3.6494474614591125e-14 246 3.012631125902489e-14 246 73.00000000000004 350 73.00000000000006 RBC 0
504 5.33946004428246e-14 368 4.50670022086226e-14 368 227.00000000000006 504 227.00000000000006 RBC 0
505 225.00000000000006 390 225.00000000000006 390 362 505 362.0000000000001 RBC 0
576 377.0000000000001 479 377.0000000000001 479.00000000000006 478.0000000000001 576 478.0000000000001 RBC 0
436.0000000000001 407 290 407 290.00000000000006 538 436.0000000000001 538 RBC 0
278.00000000000006 390 174.00000000000006 390 174.00000000000006 498 278.0000000000001 498 RBC 0
266.0000000000001 490 140.00000000000006 490 140.00000000000006 608 266.0000000000001 608 RBC 0
404 275 323 275 323 402 404 402 RBC 0