105.00000000000003 133 29.000000000000014 133 29.000000000000025 270 105.00000000000003 270 Platelets 0
184.00000000000006 247 89.00000000000003 247 89.00000000000004 380 184.00000000000006 380 RBC 0
317 102.00000000000003 198 102.00000000000003 198.00000000000006 270 317 270 RBC 0
411 302 314 302 314 420 411 420 RBC 0
301 290 209.00000000000006 290 209.00000000000006 407 301 407 RBC 0
222.00000000000006 345 133.00000000000006 345 133.00000000000006 517 222.00000000000006 517 RBC 0
491 190.00000000000006 404 190.00000000000006 404 288.00000000000006 491 288.0000000000001 RBC 0
424 112.00000000000006 349 112.00000000000006 349 222.00000000000006 424 222.00000000000006 RBC 0
394 25.000000000000043 279 25.000000000000036 279 88.00000000000004 394 88.00000000000006 RBC 0
506 312.00000000000006 430 312 430 433.00000000000006 506 433.0000000000001 RBC 0
539 444.00000000000006 439 444 439.00000000000006 584 539 584 RBC 0
618 419.0000000000001 520 419.0000000000001 520 564 618 564 RBC 0
640 271.0000000000001 567 271.0000000000001 567 503.0000000000001 640 503.0000000000001 RBC 0
414.00000000000006 432 240.00000000000006 432 240.00000000000006 603 414.0000000000001 603 WBC 0
412 437 240.00000000000006 437 240.00000000000006 600 412.0000000000001 600 Platelets 0