340 149.00000000000003 144 149 144.00000000000003 379 340 379 WBC 0
69.00000000000004 204 2.4982794702606002e-14 204 3.477996909578483e-14 364 69.00000000000006 364 RBC 0
153.00000000000006 244 65.00000000000003 244 65.00000000000004 384 153.00000000000006 384 RBC 0
180.00000000000006 403 4.935326600563833e-14 403 6.386533057553447e-14 640 180.00000000000006 640 RBC 0
313.00000000000006 363 157.00000000000006 363 157.00000000000006 612 313.0000000000001 612 RBC 0
523 202.00000000000006 352 202.00000000000006 352 443.00000000000006 523 443.0000000000001 RBC 0
570 413.00000000000006 445 413 445.00000000000006 577 570 577 RBC 0
640 243.00000000000006 527 243.00000000000006 527 464.0000000000001 640 464.0000000000001 RBC 0
640 432.0000000000001 505 432.0000000000001 505.00000000000006 635 640 635 RBC 0
640 91.00000000000007 556 91.00000000000006 556 223.00000000000006 640 223.00000000000006 RBC 0
370 17.00000000000004 315 17.000000000000036 315 57.00000000000004 370 57.00000000000004 Platelets 0
164.00000000000006 577 109.00000000000006 577 109.00000000000007 635 164.00000000000006 635 Platelets 0