122.00000000000001 1.0000000000000075 1.2246467991473532e-16 1 8.511295254074105e-15 138 122.00000000000003 138 RBC 0
148.00000000000003 140 12.000000000000018 140 12.000000000000028 318 148.00000000000006 318 RBC 0
340 117.00000000000003 161 117.00000000000003 161 310 340 310 RBC 0
474 67.00000000000004 279 67.00000000000003 279 213.00000000000006 474 213.00000000000006 RBC 0
374.00000000000006 452 250.00000000000006 452 250.00000000000006 602 374.0000000000001 602 RBC 0
275.0000000000001 540 200.00000000000006 540 200.00000000000006 640 275.0000000000001 640 RBC 0
443.0000000000001 543 348.0000000000001 543 348.0000000000001 640 443.0000000000001 640 RBC 0
484.00000000000006 407 360 407 360.00000000000006 530 484.0000000000001 530 RBC 0
558 335.00000000000006 428 335 428.00000000000006 475.00000000000006 558 475.0000000000001 RBC 0
607 192.00000000000006 458 192.00000000000006 458 327 607 327.0000000000001 RBC 0
505 3.000000000000052 340 3.0000000000000417 340 107.00000000000004 505 107.00000000000006 RBC 0
218.00000000000006 309 13.000000000000039 309 13.000000000000052 534 218.00000000000006 534 WBC 0