153.00000000000003 142 58.000000000000014 142 58.00000000000003 252 153.00000000000006 252 RBC 0
156 13.00000000000001 56 13.000000000000007 56.00000000000001 117.00000000000001 156 117.00000000000003 RBC 0
266 40.000000000000014 130 40.000000000000014 130 218.00000000000006 266 218.00000000000006 RBC 0
208.00000000000006 332 83.00000000000003 332 83.00000000000004 483 208.00000000000006 483 RBC 0
186.00000000000006 477 56.00000000000006 477 56.00000000000007 587 186.00000000000006 587 RBC 0
198.00000000000006 237 80.00000000000003 237 80.00000000000003 358 198.00000000000006 358 RBC 0
246.00000000000006 235.00000000000003 176.00000000000006 235 176.00000000000006 397 246.00000000000006 397 RBC 0
311 163.00000000000006 200 163 200.00000000000003 267 311 267 RBC 0
388 102.00000000000004 289 102.00000000000003 289 205.00000000000006 388 205.00000000000006 RBC 0
380.00000000000006 433 222.00000000000006 433 222.00000000000006 565 380.0000000000001 565 RBC 0
344 345 254.00000000000006 345 254.00000000000006 422 344 422 RBC 0
404.0000000000001 566 314.0000000000001 566 314.0000000000001 640 404.0000000000001 640 RBC 0
586 555 436.0000000000001 555 436.0000000000001 628 586 628 RBC 0
480.00000000000006 408.00000000000006 398 408 398.00000000000006 535 480.0000000000001 535 RBC 0
540 5.6333752760778244e-14 380 4.653657836759942e-14 380 222.00000000000006 540 222.00000000000006 RBC 0
631 10.000000000000073 551 10.000000000000068 551 228.00000000000006 631 228.00000000000006 RBC 0
640 242.00000000000006 543 242.00000000000006 543 502.0000000000001 640 502.0000000000001 RBC 0
524 442.0000000000001 474 442.0000000000001 474.00000000000006 515 524 515 Platelets 0
457 175.00000000000006 328 175.00000000000006 328 413 457 413 WBC 0