458 4.469960816887839e-14 272 3.3310392936808004e-14 272 152.00000000000006 458 152.00000000000006 WBC 0
187.00000000000003 212 82.00000000000003 212 82.00000000000004 362 187.00000000000006 362 RBC 0
256.00000000000006 337 116.00000000000003 337 116.00000000000006 487 256.0000000000001 487 RBC 0
199.00000000000006 400 4.898587196589413e-14 400 6.368163355566237e-14 640 199.00000000000006 640 RBC 0
323.00000000000006 283 225.00000000000006 283 225.00000000000006 467 323.0000000000001 467 RBC 0
414 165.00000000000006 251 165.00000000000006 251 318 414 318 RBC 0
530 82.00000000000006 402 82.00000000000006 402 300.00000000000006 530 300.0000000000001 RBC 0
640 178.00000000000006 495 178.00000000000006 495 450.0000000000001 640 450.0000000000001 RBC 0
640 115.00000000000007 575 115.00000000000006 575 250.00000000000006 640 250.00000000000006 RBC 0
524 333.00000000000006 388 333 388.00000000000006 472 524 472.0000000000001 RBC 0
579 417 463 417 463.00000000000006 582 579 582 RBC 0
566 563 440.0000000000001 563 440.0000000000001 640 566 640 RBC 0