509.00000000000006 193.00000000000006 293 193.00000000000006 293.00000000000006 485.00000000000006 509.0000000000001 485.0000000000001 WBC 0
148.00000000000003 193 80.00000000000003 193 80.00000000000003 292 148.00000000000006 292 Platelets 0
571 73.00000000000006 529 73.00000000000006 529 142.00000000000006 571 142.00000000000006 Platelets 0
640 238.00000000000006 555 238.00000000000006 555 395.0000000000001 640 395.0000000000001 RBC 0
620 172.00000000000006 584 172.00000000000006 584 217.00000000000006 620 217.00000000000006 Platelets 0
279 117.00000000000003 165 117.00000000000003 165.00000000000003 262 279 262 RBC 0
250.00000000000006 235.00000000000003 106.00000000000003 235 106.00000000000006 388 250.00000000000006 388 RBC 0
266.00000000000006 392 126.00000000000006 392 126.00000000000006 533 266.0000000000001 533 RBC 0
194.00000000000006 452 83.00000000000006 452 83.00000000000009 605 194.00000000000006 605 RBC 0
462.0000000000001 493 238.00000000000006 493 238.00000000000006 637 462.0000000000001 637 RBC 0
595 541 452.0000000000001 541 452.0000000000001 640 595 640 RBC 0
639 407.0000000000001 589 407.0000000000001 589 580 639 580 RBC 0