489 83.00000000000006 435 83.00000000000006 435 162.00000000000006 489 162.00000000000006 Platelets 0
115.00000000000003 122 73.00000000000003 122 73.00000000000003 175 115.00000000000003 175 Platelets 0
438 205.00000000000006 393 205.00000000000006 393 272 438 272 Platelets 0
340 25.000000000000036 216 25.00000000000003 216 178.00000000000006 340 178.00000000000006 RBC 0
137 8.388830574159369e-15 0 0 6.919254415182546e-15 113 137 113.00000000000003 RBC 0
206.00000000000006 340 79.00000000000003 340 79.00000000000004 480 206.00000000000006 480 RBC 0
311.00000000000006 428 161.00000000000006 428 161.00000000000006 635 311.0000000000001 635 RBC 0
314.00000000000006 430 165.00000000000006 430 165.00000000000006 632 314.0000000000001 632 Platelets 0
217.00000000000003 197 105.00000000000003 197 105.00000000000003 340 217.00000000000006 340 RBC 0
540 320.00000000000006 410 320 410.00000000000006 488.00000000000006 540 488.0000000000001 WBC 0
640 65.00000000000007 475 65.00000000000006 475 312.0000000000001 640 312.0000000000001 RBC 0
640 285.0000000000001 512 285.0000000000001 512 502.0000000000001 640 502.0000000000001 RBC 0