170 25.000000000000018 96 25.000000000000014 96.00000000000001 122.00000000000001 170 122.00000000000003 RBC 0
144.00000000000003 162 75.00000000000003 162 75.00000000000003 273 144.00000000000006 273 RBC 0
125.00000000000003 287 33.00000000000003 287 33.00000000000004 508 125.00000000000006 508 RBC 0
254.00000000000003 192.00000000000003 103.00000000000003 192 103.00000000000004 452 254.00000000000006 452 RBC 0
328.00000000000006 430 240.00000000000006 430 240.00000000000006 593 328.0000000000001 593 RBC 0
358 145.00000000000006 258 145.00000000000006 258 267 358 267 RBC 0
311 47.000000000000036 201 47.00000000000003 201 147.00000000000003 311 147.00000000000006 RBC 0
526 105.00000000000006 415 105.00000000000006 415 257.00000000000006 526 257.0000000000001 RBC 0
633 200.00000000000006 554 200.00000000000006 554 397.0000000000001 633 397.0000000000001 RBC 0
640 429.0000000000001 551 429.0000000000001 551 580 640 580 RBC 0
516 510.00000000000006 439.0000000000001 510 439.0000000000001 633 516 633 RBC 0
548 233.00000000000006 320 233.00000000000006 320.00000000000006 482 548 482.0000000000001 WBC 0