100.00000000000003 232 2.8411805740218595e-14 232 4.163799117101001e-14 448 100.00000000000006 448 WBC 0
163.00000000000006 117.00000000000001 14.000000000000014 117 14.000000000000025 292 163.00000000000006 292 RBC 0
132 8.082668874372531e-15 0 0 6.429395695523605e-15 105.00000000000001 132 105.00000000000003 RBC 0
338 22.000000000000036 232 22.00000000000003 232 140.00000000000003 338 140.00000000000006 RBC 0
255.00000000000003 138.00000000000003 167 138 167.00000000000003 262 255.00000000000006 262 RBC 0
241.00000000000006 407 135.00000000000006 407 135.00000000000006 523 241.00000000000006 523 RBC 0
368 309 268 309 268 424 368 424 RBC 0
403.00000000000006 442 269 442 269.00000000000006 562 403.0000000000001 562 RBC 0
501.0000000000001 463.00000000000006 380 463 380.00000000000006 595 501.0000000000001 595 RBC 0
532 337 430 337 430 462 532 462.0000000000001 RBC 0
576 225.00000000000006 466 225.00000000000006 466 342.0000000000001 576 342.0000000000001 RBC 0
461 150.00000000000006 301 150.00000000000006 301 292 461 292 RBC 0
566 14.00000000000006 416 14.00000000000005 416 199.00000000000006 566 199.00000000000006 RBC 0
623 180.00000000000006 577 180.00000000000006 577 230.00000000000006 623 230.00000000000006 Platelets 0