469 5.000000000000053 411 5.00000000000005 411 85.00000000000006 469 85.00000000000006 Platelets 0
135 157 96.00000000000003 157 96.00000000000003 213 135 213 Platelets 0
296 175.00000000000003 120.00000000000003 175 120.00000000000003 392 296 392 WBC 0
180 142 134 142 134 197 180 197 Platelets 0
457.0000000000001 588 425.0000000000001 588 425.0000000000001 627 457.0000000000001 627 Platelets 0
164.00000000000006 345 39.00000000000004 345 39.00000000000005 510 164.00000000000006 510 RBC 0
344.00000000000006 388 185.00000000000006 388 185.00000000000006 530 344.0000000000001 530 RBC 0
428.00000000000006 461 292 461 292.00000000000006 640 428.0000000000001 640 RBC 0
430 30.00000000000004 249 30.00000000000003 249.00000000000003 275 430 275 RBC 0
589 102.00000000000006 389 102.00000000000006 389 382 589 382.0000000000001 RBC 0
619 338.0000000000001 469 338.0000000000001 469.00000000000006 552 619 552 RBC 0