424 4.065827373169213e-14 240 2.939152317953648e-14 240 148.00000000000006 424 148.00000000000006 RBC 0
313 77.00000000000003 199 77.00000000000003 199 232.00000000000003 313 232.00000000000006 RBC 0
215.00000000000003 178 104.00000000000003 178 104.00000000000003 315 215.00000000000006 315 RBC 0
258.0000000000001 482 172.00000000000006 482 172.00000000000006 608 258.0000000000001 608 RBC 0
413 210.00000000000006 315 210.00000000000006 315 333 413 333 RBC 0
384 330 275 330 275 457 384 457 RBC 0
375.00000000000006 438 257 438 257.00000000000006 635 375.0000000000001 635 RBC 0
488.00000000000006 350.00000000000006 380 350 380.00000000000006 508.00000000000006 488.0000000000001 508.0000000000001 RBC 0
635 307.0000000000001 494 307.0000000000001 494.00000000000006 488.0000000000001 635 488.0000000000001 RBC 0
633 550 554 550 554 640 633 640 RBC 0
454.00000000000006 402 398 402 398.00000000000006 472 454.0000000000001 472 Platelets 0
617 594 588 594 588 640 617 640 Platelets 0
236.00000000000006 508 200.00000000000006 508 200.00000000000006 565 236.00000000000006 565 Platelets 0
264 123.00000000000003 214 123.00000000000003 214 187.00000000000003 264 187.00000000000006 Platelets 0
200.00000000000003 200 166 200 166 258 200.00000000000006 258 Platelets 0
304 107.00000000000003 269 107.00000000000003 269 143.00000000000006 304 143.00000000000006 Platelets 0
317 60.000000000000036 278 60.00000000000003 278 97.00000000000003 317 97.00000000000003 Platelets 0
473 343.00000000000006 449 343 449 365.00000000000006 473 365.0000000000001 Platelets 0
552 279.0000000000001 518 279.0000000000001 518 329.0000000000001 552 329.0000000000001 Platelets 0
472.0000000000001 533 368.0000000000001 533 368.0000000000001 640 472.0000000000001 640 WBC 0