169 70.00000000000001 58.000000000000014 70 58.00000000000003 195 169 195 RBC 0
99.00000000000004 163 3.0000000000000195 163 3.000000000000033 367 99.00000000000006 367 RBC 0
229.00000000000003 152 109.00000000000003 152 109.00000000000003 310 229.00000000000006 310 RBC 0
365 232.00000000000006 247 232.00000000000006 247.00000000000003 395 365 395 RBC 0
291.00000000000006 434 209.00000000000006 434 209.00000000000006 539 291.0000000000001 539 RBC 0
469.00000000000006 427 338 427 338.00000000000006 577 469.0000000000001 577 RBC 0
640 468.0000000000001 480.0000000000001 468.0000000000001 480.0000000000001 640 640 640 RBC 0
520 330.00000000000006 394 330 394 443.00000000000006 520 443.0000000000001 RBC 0
606 183.00000000000006 396 183.00000000000006 396 382 606 382.0000000000001 RBC 0
396 230.00000000000006 340 230.00000000000006 340 315 396 315 Platelets 0
233.00000000000006 338 105.00000000000003 338 105.00000000000003 500 233.00000000000006 500 WBC 0