215.00000000000006 282 113.00000000000003 282 113.00000000000004 442 215.00000000000006 442 RBC 0
116.00000000000006 387 14.000000000000046 387 14.000000000000057 540 116.00000000000006 540 RBC 0
122.00000000000006 367 103.00000000000006 367 103.00000000000006 387 122.00000000000006 387 Platelets 0
347 325 198.00000000000006 325 198.00000000000006 492 347.0000000000001 492 WBC 0
314 282 303 282 303 313 314 313 Platelets 0
358 247.00000000000006 332 247.00000000000006 332 287 358 287 Platelets 0
427 137.00000000000006 388 137.00000000000006 388 197.00000000000006 427 197.00000000000006 Platelets 0
248.00000000000006 205.00000000000003 147 205 147.00000000000003 327 248.00000000000006 327 RBC 0
217.00000000000006 465 83.00000000000006 465 83.00000000000009 587 217.00000000000006 587 RBC 0
474.00000000000006 305.00000000000006 350 305 350.00000000000006 538 474.0000000000001 538 RBC 0
409 4.52506992284947e-14 330 4.0413344371862656e-14 330 158.00000000000006 409 158.00000000000006 RBC 0
533 73.00000000000006 437 73.00000000000006 437 217.00000000000006 533 217.00000000000006 RBC 0
604 252.00000000000006 488 252.00000000000006 488 420.0000000000001 604 420.0000000000001 RBC 0
597 432 452 432 452 567 597 567 RBC 0
571 596 481.0000000000001 596 481.0000000000001 640 571 640 RBC 0
282.0000000000001 517 173.00000000000006 517 173.00000000000006 625 282.0000000000001 625 RBC 0
167 5.000000000000014 58 5.000000000000007 58 52.000000000000014 167 52.000000000000014 RBC 0
640 76.00000000000007 551 76.00000000000006 551 187.00000000000006 640 187.00000000000006 RBC 0