217 1.8369701987210297e-14 83 1.0164568432923033e-14 83 150 217 150 RBC 0
200 98.00000000000003 156 98.00000000000003 156 162 200 162 Platelets 0
506 158.00000000000006 469 158.00000000000006 469 235.00000000000006 506 235.00000000000006 Platelets 0
74.00000000000001 38.00000000000001 4.653657836759942e-15 38 1.3471114790620885e-14 182 74.00000000000003 182 RBC 0
215.00000000000003 222 77.00000000000003 222 77.00000000000003 347 215.00000000000006 347 RBC 0
100.00000000000006 312 15.000000000000039 312 15.000000000000057 608 100.00000000000009 608 RBC 0
515 255.00000000000006 413 255.00000000000006 413 440.00000000000006 515 440.0000000000001 RBC 0
458 128.00000000000006 333 128.00000000000006 333 235.00000000000006 458 235.00000000000006 RBC 0
431 4.1637991171010013e-14 249 3.0493705298769096e-14 249 115.00000000000003 431 115.00000000000006 RBC 0
554 6.123233995736766e-14 446 5.461924724197195e-14 446 172.00000000000006 554 172.00000000000006 RBC 0
223.00000000000006 337 77.00000000000003 337 77.00000000000004 527 223.00000000000006 527 WBC 0