183.00000000000006 119.00000000000003 59.000000000000014 119 59.00000000000002 264 183.00000000000006 264 WBC 0
77.00000000000004 280 2.0000000000000346 280 2.0000000000000497 532 77.00000000000006 532 RBC 0
272 30.00000000000003 187 30.00000000000002 187 168.00000000000006 272 168.00000000000006 RBC 0
384 180.00000000000006 251 180.00000000000006 251 282 384 282 RBC 0
390 289 305 289 305 399 390 399 RBC 0
460.00000000000006 370 362 370 362 515 460.0000000000001 515 RBC 0
389.00000000000006 463 291 463 291.00000000000006 580 389.0000000000001 580 RBC 0
640 130.00000000000006 590 130.00000000000006 590 390.0000000000001 640 390.0000000000001 RBC 0
598 410.0000000000001 568 410.0000000000001 568 457.0000000000001 598 457.0000000000001 Platelets 0
553 502.0000000000001 522 502.0000000000001 522 550 553 550 Platelets 0
563 108.00000000000006 539 108.00000000000006 539 162.00000000000006 563 162.00000000000006 Platelets 0
535 78.00000000000006 423 78.00000000000006 423 185.00000000000006 535 185.00000000000006 RBC 0
475 12.000000000000055 444 12.000000000000053 444 60.00000000000006 475 60.00000000000006 Platelets 0
575 10.000000000000068 536 10.000000000000064 536 65.00000000000006 575 65.00000000000006 Platelets 0
151 9.246083333562516e-15 0 0 3.857637417314163e-15 63.00000000000001 151 63.000000000000014 RBC 0