445 5.000000000000045 286 5.0000000000000355 286 150.00000000000006 445 150.00000000000006 RBC 0
473 127.00000000000004 235 127.00000000000003 235.00000000000003 320.00000000000006 473 320.0000000000001 RBC 0
123.00000000000006 445 22.000000000000057 445 22.000000000000064 578 123.00000000000006 578 RBC 0
398.0000000000001 526 271.0000000000001 526 271.0000000000001 640 398.0000000000001 640 RBC 0
268.0000000000001 509 119.00000000000006 509 119.00000000000007 639 268.0000000000001 639 RBC 0
565 357 431 357 431.0000000000001 510.00000000000006 565 510.0000000000001 RBC 0
610 510.0000000000001 519 510.0000000000001 519 635 610 635 RBC 0
526 527 439.0000000000001 527 439.0000000000001 637 526 637 RBC 0
570 272.00000000000006 459 272 459 382 570 382.0000000000001 RBC 0
615 197.00000000000006 503 197.00000000000006 503 318.0000000000001 615 318.0000000000001 RBC 0
604 8.000000000000068 496 8.00000000000006 496 205.00000000000006 604 205.00000000000006 RBC 0
445.00000000000006 299 286 299 286.00000000000006 509 445.0000000000001 509 WBC 0
254.00000000000006 554 216.00000000000006 554 216.00000000000006 604 254.00000000000006 604 Platelets 0
509.0000000000001 477 464.0000000000001 477 464.0000000000001 543 509.0000000000001 543 Platelets 0
508 12.00000000000006 452 12.000000000000057 452 120.00000000000006 508 120.00000000000006 Platelets 0
244.00000000000003 55.000000000000014 125 55.000000000000014 125.00000000000001 295 244.00000000000006 295 RBC 0