182.00000000000006 297 123.00000000000003 297 123.00000000000004 368 182.00000000000006 368 Platelets 0
34.000000000000064 489 9.00000000000006 489 9.000000000000064 549 34.00000000000007 549 Platelets 0
69.00000000000006 417 29.00000000000005 417 29.000000000000053 447 69.00000000000006 447 Platelets 0
277.00000000000006 347 152.00000000000006 347 152.00000000000006 567 277.0000000000001 567 WBC 0
167.00000000000003 7.000000000000011 2.000000000000001 7 2.0000000000000155 247 167.00000000000006 247 RBC 0
55.00000000000004 234 2.865673510004806e-14 234 3.93723945925874e-14 409 55.00000000000006 409 RBC 0
133.00000000000006 254 49.00000000000003 254 49.00000000000004 419 133.00000000000006 419 RBC 0
239.00000000000003 142.00000000000003 133 142 133.00000000000003 302 239.00000000000006 302 RBC 0
337 3.122849337825751e-14 173 2.1186389625249206e-14 173 135.00000000000003 337 135.00000000000006 RBC 0
437 4.623041666781258e-14 318 3.8943768212885834e-14 318 132.00000000000006 437 132.00000000000006 RBC 0
553 5.73747025400535e-14 384 4.702643708725836e-14 384 165.00000000000006 553 165.00000000000006 RBC 0
364 135.00000000000006 234 135.00000000000006 234.00000000000003 310 364 310 RBC 0
430 173.00000000000006 335 173.00000000000006 335 337 430 337 RBC 0
489 307.00000000000006 390 307 390 432 489 432.0000000000001 RBC 0
640 367.0000000000001 571 367.0000000000001 571 529 640 529 RBC 0