205.00000000000003 139 99.00000000000003 139 99.00000000000003 264 205.00000000000006 264 RBC 0
148.00000000000003 203 38.00000000000003 203 38.000000000000036 325 148.00000000000006 325 RBC 0
108.00000000000006 250 2.00000000000003 250 2.000000000000054 640 108.00000000000009 640 RBC 0
114.00000000000007 565 21.00000000000007 565 21.000000000000078 628 114.00000000000009 628 RBC 0
222.00000000000006 513 138.00000000000006 513 138.00000000000006 617 222.00000000000006 617 RBC 0
354 345 244.00000000000006 345 244.00000000000006 463 354 463 RBC 0
329.00000000000006 435 210.00000000000006 435 210.00000000000006 553 329.0000000000001 553 RBC 0
373.0000000000001 546 287.0000000000001 546 287.0000000000001 640 373.0000000000001 640 RBC 0
455 282 387 282 387 378 455 378 RBC 0
559 260.00000000000006 444 260 444 395.00000000000006 559 395.0000000000001 RBC 0
530 114.00000000000006 439 114.00000000000006 439 234.00000000000006 530 234.00000000000006 RBC 0
640 155.00000000000006 527 155.00000000000006 527 330.0000000000001 640 330.0000000000001 RBC 0
513 534 391.0000000000001 534 391.0000000000001 640 513 640 RBC 0
490.00000000000006 449.00000000000006 452 449 452 494.00000000000006 490.0000000000001 494.0000000000001 Platelets 0
229.00000000000006 300 73.00000000000003 300 73.00000000000004 478 229.00000000000006 478 WBC 0