205 40.000000000000014 54 40 54.000000000000014 207 205 207 RBC 0
277 79.00000000000003 148 79.00000000000003 148.00000000000003 254.00000000000003 277 254.00000000000006 RBC 0
356 47.000000000000036 236 47.00000000000003 236 185.00000000000006 356 185.00000000000006 RBC 0
482 62.00000000000004 328 62.00000000000004 328 227.00000000000006 482 227.00000000000006 RBC 0
55.000000000000036 257 3.147342273808698e-14 257 3.912746523275793e-14 382 55.00000000000004 382 RBC 0
350.00000000000006 412 255.00000000000006 412 255.00000000000006 532 350.0000000000001 532 RBC 0
285.0000000000001 474 160.00000000000006 474 160.00000000000006 640 285.0000000000001 640 RBC 0
389.0000000000001 536 285.0000000000001 536 285.0000000000001 640 389.0000000000001 640 RBC 0
508.0000000000001 472 392.0000000000001 472 392.0000000000001 625 508.0000000000001 625 RBC 0
585 378.0000000000001 471 378.0000000000001 471.0000000000001 535 585 535 RBC 0
640 188.00000000000006 506 188.00000000000006 506 444.0000000000001 640 444.0000000000001 RBC 0
640 472.0000000000001 570 472.0000000000001 570 625 640 625 RBC 0
224.00000000000006 273 43.00000000000003 273 43.00000000000004 492 224.00000000000006 492 WBC 0
500 197.00000000000006 376 197.00000000000006 376 358.00000000000006 500 358.0000000000001 RBC 0