149 162 110.00000000000003 162 110.00000000000003 212 149 212 Platelets 0
195.00000000000006 258 155.00000000000006 258 155.00000000000006 320 195.00000000000006 320 Platelets 0
142.00000000000006 365 90.00000000000006 365 90.00000000000006 425 142.00000000000006 425 Platelets 0
634 222.00000000000006 596 222.00000000000006 596 268.0000000000001 634 268.0000000000001 Platelets 0
405 135.00000000000006 296 135.00000000000006 296 268 405 268 RBC 0
55.000000000000014 133 1.6287802428659797e-14 133 2.47990976827339e-14 272 55.00000000000003 272 RBC 0
315.00000000000006 392 220.00000000000006 392 220.00000000000006 515 315.0000000000001 515 RBC 0
428.00000000000006 395 357 395 357 495 428.0000000000001 495 RBC 0
521 427 435 427 435.00000000000006 557 521 557 RBC 0
426.0000000000001 523 310.0000000000001 523 310.0000000000001 635 426.0000000000001 635 RBC 0
640 402.0000000000001 545 402.0000000000001 545 543 640 543 RBC 0
620 339.0000000000001 518 339.0000000000001 518 484.0000000000001 620 484.0000000000001 RBC 0
613 268.0000000000001 527 268.0000000000001 527 375.0000000000001 613 375.0000000000001 RBC 0
558 170.00000000000006 420 170.00000000000006 420 342 558 342.0000000000001 RBC 0
521 67.00000000000006 420 67.00000000000006 420 165.00000000000006 521 165.00000000000006 RBC 0
201 7.000000000000018 69 7.000000000000009 69.00000000000001 138 201 138 RBC 0
288 125.00000000000003 152 125.00000000000003 152.00000000000003 287 288 287 WBC 0