70.00000000000001 63.00000000000001 7.715274834628325e-15 63 1.2552629691260372e-14 142 70.00000000000003 142 RBC 0
148.00000000000003 122.00000000000001 59.000000000000014 122 59.00000000000002 263 148.00000000000006 263 RBC 0
110.00000000000003 222 9.000000000000028 222 9.000000000000037 378 110.00000000000006 378 RBC 0
94.00000000000006 428 5.000000000000053 428 5.00000000000006 550 94.00000000000006 550 RBC 0
209.00000000000006 337 99.00000000000003 337 99.00000000000004 522 209.00000000000006 522 RBC 0
371 88.00000000000004 239 88.00000000000003 239 190.00000000000006 371 190.00000000000006 RBC 0
225.00000000000003 149 159 149 159.00000000000003 239 225.00000000000006 239 RBC 0
461 5.0516680464828324e-14 364 4.457714348896366e-14 364 62.00000000000004 461 62.00000000000006 RBC 0
576 6.472258333493761e-14 481 5.89055110389877e-14 481 68.00000000000006 576 68.00000000000006 RBC 0
591 85.00000000000007 431 85.00000000000006 431 193.00000000000006 591 193.00000000000006 RBC 0
515 212.00000000000006 386 212.00000000000006 386 378.00000000000006 515 378.0000000000001 RBC 0
497 390.00000000000006 402 390 402 495.00000000000006 497.0000000000001 495.0000000000001 RBC 0
329.0000000000001 498 226.00000000000006 498 226.00000000000006 600 329.0000000000001 600 RBC 0
425.0000000000001 510 343.0000000000001 510 343.0000000000001 627 425.0000000000001 627 RBC 0
623 550 457.0000000000001 550 457.0000000000001 637 623 637 RBC 0
633 215.00000000000006 542 215.00000000000006 542 323.0000000000001 633 323.0000000000001 RBC 0
361 208.00000000000006 180 208 180.00000000000003 422 361 422 WBC 0