453.00000000000006 422 392 422 392 500 453.0000000000001 500 Platelets 0
291 3.23919078374475e-14 238 2.914659381970701e-14 238 23.000000000000036 291 23.000000000000036 Platelets 0
309 130.00000000000006 263 130.00000000000006 263 203.00000000000006 309 203.00000000000006 Platelets 0
183.00000000000006 277 2.0000000000000338 277 2.0000000000000484 513 183.00000000000006 513 WBC 0
128.00000000000006 483 5.915044039881716e-14 483 6.815159437255021e-14 630 128.00000000000006 630 RBC 0
266.0000000000001 510 135.00000000000006 510 135.00000000000006 640 266.0000000000001 640 RBC 0
240.00000000000006 368 162.00000000000006 368 162.00000000000006 525 240.00000000000006 525 RBC 0
338.00000000000006 338 239.00000000000006 338 239.00000000000006 540 338.0000000000001 540 RBC 0
418.0000000000001 504 281.0000000000001 504 281.0000000000001 640 418.0000000000001 640 RBC 0
428.00000000000006 415 317 415 317.00000000000006 575 428.0000000000001 575 RBC 0
434 152.00000000000006 321 152.00000000000006 321 323 434 323 RBC 0
407 87.00000000000004 293 87.00000000000003 293 222.00000000000006 407 222.00000000000006 RBC 0
503 290.00000000000006 375 290 375 453.00000000000006 503 453.0000000000001 RBC 0
561 90.00000000000006 439 90.00000000000006 439 332 561 332.0000000000001 RBC 0
603 309.0000000000001 497 309.0000000000001 497 494.0000000000001 603 494.0000000000001 RBC 0
233 5.000000000000016 17 5.000000000000002 17.00000000000001 155.00000000000003 233 155.00000000000006 RBC 0