172 87.00000000000001 60.000000000000014 87 60.000000000000014 225 172 225 RBC 0
106.00000000000003 190 2.326828918379971e-14 190 3.184081677783118e-14 330 106.00000000000003 330 RBC 0
155.00000000000006 292 33.00000000000004 292 33.00000000000005 423 155.00000000000006 423 RBC 0
20.000000000000053 415 5.0822842164615156e-14 415 5.541526766141773e-14 490 20.000000000000057 490 Platelets 0
85.00000000000006 363 4.445467880904892e-14 363 5.437431788214248e-14 525 85.00000000000006 525 RBC 0
292.0000000000001 508 121.00000000000006 508 121.00000000000007 640 292.0000000000001 640 RBC 0
293 220.00000000000003 179 220 179.00000000000003 342 293 342 RBC 0
374 112.00000000000004 199 112.00000000000003 199.00000000000003 268 374 268 RBC 0
503 85.00000000000006 358 85.00000000000006 358 205.00000000000006 503 205.00000000000006 RBC 0
550 147.00000000000006 425 147.00000000000006 425 403.00000000000006 550 403.0000000000001 RBC 0
420 193.00000000000006 256 193.00000000000006 256 397 420 397 RBC 0
334.00000000000006 403 199.00000000000006 403 199.00000000000006 545 334.0000000000001 545 RBC 0
444.00000000000006 397 323 397 323.00000000000006 565 444.0000000000001 565 RBC 0
552 5.92729050787319e-14 416 5.094530684452989e-14 416 98.00000000000006 552 98.00000000000006 RBC 0
450 4.151552649109527e-14 228 2.7921947020559652e-14 228 110.00000000000003 450 110.00000000000006 WBC 0
159.00000000000006 417 120.00000000000006 417 120.00000000000006 478 159.00000000000006 478 Platelets 0
245.00000000000006 259 197.00000000000006 259 197.00000000000006 324 245.00000000000006 324 Platelets 0
352.0000000000001 523 303.0000000000001 523 303.0000000000001 592 352.0000000000001 592 Platelets 0