360 2.0000000000000338 190 2.000000000000023 190 122.00000000000004 360 122.00000000000006 RBC 0
467 112.00000000000004 343 112.00000000000003 343 237.00000000000006 467 237.00000000000006 RBC 0
544 169.00000000000006 448 169.00000000000006 448 279.00000000000006 544 279.0000000000001 RBC 0
316.0000000000001 556 157.00000000000006 556 157.00000000000006 640 316.0000000000001 640 RBC 0
468.00000000000006 415.00000000000006 347 415 347 513 468.0000000000001 513 RBC 0
629 397.0000000000001 526 397.0000000000001 526 538 629 538 RBC 0
525 527 391.0000000000001 527 391.0000000000001 637 525 637 RBC 0
346 223.00000000000006 246 223.00000000000006 246 350 346 350 WBC 0
245.00000000000006 349 226.00000000000006 349 226.00000000000006 374 245.00000000000006 374 Platelets 0
640 324.0000000000001 606 324.0000000000001 606 404.0000000000001 640 404.0000000000001 Platelets 0
525 452.0000000000001 485 452.0000000000001 485.00000000000006 513 525 513 Platelets 0