152.00000000000003 188 57.00000000000003 188 57.000000000000036 327 152.00000000000006 327 RBC 0
205.00000000000006 268 100.00000000000003 268 100.00000000000003 385 205.00000000000006 385 RBC 0
179.00000000000006 383 45.00000000000004 383 45.00000000000006 522 179.00000000000006 522 RBC 0
116.00000000000007 470 15.000000000000057 470 15.000000000000064 588 116.00000000000009 588 RBC 0
301 285 209.00000000000006 285 209.00000000000006 402 301 402 RBC 0
334 117.00000000000003 244 117.00000000000003 244.00000000000003 278 334 278 RBC 0
276 12.000000000000027 140 12.000000000000018 140 145.00000000000003 276 145.00000000000006 RBC 0
394 20.000000000000043 295 20.000000000000036 295 103.00000000000004 394 103.00000000000006 RBC 0
515 72.00000000000006 363 72.00000000000006 363 255.00000000000006 515 255.00000000000006 RBC 0
583 269.0000000000001 483 269.0000000000001 483 364.0000000000001 583 364.0000000000001 RBC 0
546 363.00000000000006 419 363 419.00000000000006 492 546 492.0000000000001 RBC 0
635 342.0000000000001 543 342.0000000000001 543 465.0000000000001 635 465.0000000000001 RBC 0
640 540 490.0000000000001 540 490.0000000000001 640 640 640 RBC 0
460.00000000000006 460 234.00000000000006 460 234.00000000000006 640 460.0000000000001 640 RBC 0
171.00000000000006 578 125.00000000000006 578 125.00000000000007 630 171.00000000000006 630 Platelets 0