71.00000000000003 123 1.5063155629512445e-14 123 2.4186774283160223e-14 272 71.00000000000003 272 RBC 0
126.00000000000006 349 19.000000000000043 349 19.000000000000053 494 126.00000000000006 494 RBC 0
158.00000000000006 446 13.000000000000053 446 13.000000000000064 640 158.00000000000006 640 RBC 0
353 157.00000000000006 239 157.00000000000006 239.00000000000003 318 353 318 RBC 0
321.0000000000001 353 179.00000000000006 353 179.00000000000006 565 321.0000000000001 565 RBC 0
440 309 310 309 310 459 440 459 RBC 0
478.00000000000006 435.00000000000006 349 435 349.00000000000006 613 478.0000000000001 613 RBC 0
435 58.00000000000005 333 58.00000000000004 333 215.00000000000006 435 215.00000000000006 RBC 0
574 78.00000000000006 480 78.00000000000006 480 230.00000000000006 574 230.00000000000006 RBC 0
640 413.0000000000001 477 413.0000000000001 477 598 640 598 RBC 0
640 220.00000000000006 533 220.00000000000006 533 464.0000000000001 640 464.0000000000001 RBC 0
233.00000000000006 143.00000000000003 63.000000000000014 143 63.00000000000003 370 233.00000000000006 370 WBC 0
201.00000000000006 480 161.00000000000006 480 161.00000000000006 550 201.00000000000006 550 Platelets 0