210 1.8614631347039768e-14 94 1.151167991198512e-14 94 88 210 88.00000000000003 WBC 0
340 62.000000000000036 222 62.00000000000003 222 185.00000000000003 340 185.00000000000006 WBC 0
321 3.245314017740486e-14 209 2.5595118102179678e-14 209 50.000000000000036 321 50.00000000000004 WBC 0
81.00000000000003 135 1.6532731788489267e-14 135 2.6636067881454933e-14 300 81.00000000000003 300 RBC 0
103.00000000000004 309 8.000000000000039 309 8.000000000000053 544 103.00000000000006 544 RBC 0
187.00000000000003 232 75.00000000000003 232 75.00000000000003 347 187.00000000000006 347 RBC 0
244.00000000000006 385 113.00000000000006 385 113.00000000000006 538 244.00000000000006 538 RBC 0
302.0000000000001 570 101.00000000000006 570 101.00000000000007 640 302.0000000000001 640 RBC 0
330.00000000000006 399 211.00000000000006 399 211.00000000000006 519 330.0000000000001 519 RBC 0
428 303 309 303 309 407 428 407 RBC 0
277 207.00000000000003 198 207 198.00000000000006 392 277 392 RBC 0
369 182.00000000000006 249 182.00000000000006 249.00000000000003 273 369 273 RBC 0
469 80.00000000000006 373 80.00000000000006 373 212.00000000000006 469 212.00000000000006 RBC 0
554 35.000000000000064 434 35.00000000000006 434 155.00000000000006 554 155.00000000000006 RBC 0
597 253.00000000000006 472 253.00000000000006 472 365.0000000000001 597 365.0000000000001 RBC 0
598 149.00000000000006 472 149.00000000000006 472 239.00000000000006 598 239.00000000000006 RBC 0
474.00000000000006 407 339 407 339.00000000000006 548 474.0000000000001 548 RBC 0
640 395.0000000000001 500 395.0000000000001 500.00000000000006 528 640 528 RBC 0
434 5.063914514474306e-14 393 4.8128619206490976e-14 393 40.00000000000006 434 40.00000000000006 Platelets 0