181 187 50.00000000000003 187 50.000000000000036 350 181.00000000000006 350 WBC 0
120.00000000000003 314 22.000000000000036 314 22.000000000000046 459 120.00000000000006 459 RBC 0
144.00000000000006 444 51.00000000000006 444 51.00000000000007 619 144.00000000000006 619 RBC 0
275.0000000000001 497 111.00000000000006 497 111.00000000000007 640 275.0000000000001 640 RBC 0
300 248.00000000000006 192.00000000000006 248 192.00000000000006 425 300 425 RBC 0
343 128.00000000000006 255 128.00000000000006 255.00000000000003 272 343 272 RBC 0
289 5.000000000000025 113 5.000000000000014 113 128.00000000000003 289 128.00000000000006 RBC 0
159 7.00000000000001 8.572527594031472e-16 7 1.126675055215565e-14 177 159 177 RBC 0
640 88.00000000000009 490 88.00000000000006 490 305.0000000000001 640 305.0000000000001 RBC 0
475 227.00000000000006 390 227.00000000000006 390 343.00000000000006 475 343.0000000000001 RBC 0
556 328.00000000000006 460 328 460 450.00000000000006 556 450.0000000000001 RBC 0
384.00000000000006 350 304 350 304.00000000000006 505 384.0000000000001 505 RBC 0