209.00000000000003 157 98.00000000000003 157 98.00000000000003 307 209.00000000000006 307 WBC 0
243 25.00000000000002 132 25.000000000000014 132 122.00000000000003 243 122.00000000000003 RBC 0
442 70.00000000000004 338 70.00000000000003 338 210.00000000000006 442 210.00000000000006 RBC 0
374 177.00000000000003 229 177 229.00000000000003 303 374 303 RBC 0
307 317 153.00000000000006 317 153.00000000000006 453 307 453 RBC 0
143.00000000000006 393 27.00000000000005 393 27.00000000000006 587 143.00000000000006 587 RBC 0
319.0000000000001 522 166.00000000000006 522 166.00000000000006 637 319.0000000000001 637 RBC 0
398.00000000000006 407 267 407 267.00000000000006 548 398.0000000000001 548 RBC 0
479.0000000000001 532 431.0000000000001 532 431.0000000000001 580 479.0000000000001 580 RBC 0
604 400.0000000000001 498 400.0000000000001 498.00000000000006 513 604 513 RBC 0
603 207.00000000000006 474 207.00000000000006 474 352.0000000000001 603 352.0000000000001 RBC 0
589 30.000000000000064 476 30.000000000000057 476 187.00000000000006 589 187.00000000000006 RBC 0
457 4.849601324623518e-14 335 4.102566777143633e-14 335 52.00000000000004 457 52.00000000000006 RBC 0