282.00000000000006 283 90.00000000000003 283 90.00000000000003 547 282.0000000000001 547 WBC 0
240 2.5778815122051787e-14 181 2.2166107064567093e-14 181 65.00000000000003 240 65.00000000000003 Platelets 0
75.00000000000009 586 15.000000000000071 586 15.000000000000075 640 75.00000000000009 640 Platelets 0
180.00000000000006 493 45.00000000000006 493 45.000000000000064 627 180.00000000000006 627 RBC 0
115.00000000000006 442 66.00000000000006 442 66.00000000000006 493 115.00000000000006 493 Platelets 0
422 350 377 350 377 418 422 418 Platelets 0
145 59 36.000000000000014 59 36.00000000000002 189 145 189 RBC 0
148.00000000000003 198 10.000000000000025 198 10.000000000000036 382 148.00000000000006 382 RBC 0
443.00000000000006 448 290 448 290.00000000000006 640 443.0000000000001 640 RBC 0
461 88.00000000000004 290 88.00000000000003 290 385 461 385 RBC 0
574 195.00000000000006 446 195.00000000000006 446.0000000000001 517 574 517 RBC 0