84.00000000000006 507 39.00000000000006 507 39.000000000000064 573 84.00000000000006 573 Platelets 0
133.00000000000006 395 84.00000000000006 395 84.00000000000006 452 133.00000000000006 452 Platelets 0
546 103.00000000000006 515 103.00000000000006 515 145.00000000000006 546 145.00000000000006 Platelets 0
268 167.00000000000003 49.000000000000014 167 49.00000000000002 263 268 263 RBC 0
65.00000000000004 318 3.8943768212885834e-14 318 5.143516556418884e-14 522 65.00000000000006 522 RBC 0
248.00000000000006 260 109.00000000000003 260 109.00000000000004 367 248.00000000000006 367 RBC 0
427 234.00000000000006 262 234.00000000000006 262 359 427 359 RBC 0
436 70.00000000000004 274 70.00000000000003 274 210.00000000000006 436 210.00000000000006 RBC 0
640 284.00000000000006 456 284 456 440.00000000000006 640 440.0000000000001 RBC 0
634 452.0000000000001 543 452.0000000000001 543 595 634 595 RBC 0
623 542 593 542 593 588 623 588 Platelets 0