86.00000000000006 375 35.00000000000004 375 35.00000000000005 423 86.00000000000006 423 Platelets 0
245 2.27171981241834e-14 126 1.543054966925665e-14 126 110.00000000000003 245 110.00000000000003 RBC 0
422 4.1331829471223176e-14 253 3.0983564018428037e-14 253 73.00000000000004 422 73.00000000000006 RBC 0
495 148.00000000000003 213 148 213.00000000000006 322 495 322.0000000000001 RBC 0
495 57.00000000000004 350 57.00000000000004 350 210.00000000000006 495 210.00000000000006 RBC 0
175.00000000000003 143 50.000000000000014 143 50.000000000000014 262 175.00000000000006 262 RBC 0
301.00000000000006 262 104.00000000000003 262 104.00000000000004 505 301.0000000000001 505 RBC 0
418.00000000000006 323 262 323 262.00000000000006 480 418.0000000000001 480 WBC 0
575 243.00000000000006 467 243.00000000000006 467 357.0000000000001 575 357.0000000000001 RBC 0
450.0000000000001 490 286.0000000000001 490 286.0000000000001 640 450.0000000000001 640 RBC 0
610 521 465.0000000000001 521 465.0000000000001 640 610 640 RBC 0
640 137.00000000000006 510 137.00000000000006 510 257.0000000000001 640 257.0000000000001 RBC 0