261 12.000000000000018 31 12.000000000000004 31.000000000000014 227.00000000000003 261 227.00000000000006 RBC 0
426 5.000000000000043 275 5.000000000000034 275 247.00000000000006 426 247.00000000000006 RBC 0
311 247.00000000000003 185.00000000000006 247 185.00000000000006 342 311 342 RBC 0
286.00000000000006 350 146.00000000000006 350 146.00000000000006 473 286.0000000000001 473 RBC 0
161.00000000000006 422 11.000000000000053 422 11.00000000000006 555 161.00000000000006 555 RBC 0
230.00000000000006 560 75.00000000000006 560 75.00000000000007 638 230.00000000000006 638 RBC 0
358.0000000000001 499 207.00000000000006 499 207.00000000000006 629 358.0000000000001 629 RBC 0
399.00000000000006 325 288 325 288.00000000000006 475 399.0000000000001 475 RBC 0
514 130.00000000000006 363 130.00000000000006 363 305.00000000000006 514 305.0000000000001 RBC 0
553 262.00000000000006 392 262 392 427 553 427.0000000000001 RBC 0
530 439.00000000000006 422 439 422 604 530 604 RBC 0
594 37.000000000000064 459 37.00000000000006 459 217.00000000000006 594 217.00000000000006 WBC 0