267 2.6880997241284403e-14 172 2.1063924945334474e-14 172 45.000000000000014 267 45.00000000000003 WBC 0
84.00000000000004 262 3.208574613766065e-14 262 4.3107567329986835e-14 442 84.00000000000006 442 RBC 0
212.00000000000003 232 128 232 128.00000000000003 347 212.00000000000006 347 RBC 0
352 132.00000000000006 248 132.00000000000006 248.00000000000006 348 352 348 RBC 0
270.00000000000006 350 185.00000000000006 350 185.00000000000006 493 270.0000000000001 493 RBC 0
295.0000000000001 502 150.00000000000006 502 150.00000000000006 635 295.0000000000001 635 RBC 0
389.0000000000001 512 285.0000000000001 512 285.0000000000001 612 389.0000000000001 612 RBC 0
519 437 415 437 415.00000000000006 575 519 575 RBC 0
549 139.00000000000006 431 139.00000000000006 431 234.00000000000006 549 234.00000000000006 RBC 0
595 217.00000000000006 481 217.00000000000006 481 355.0000000000001 595 355.0000000000001 RBC 0
454.0000000000001 515 416.0000000000001 515 416.0000000000001 575 454.0000000000001 575 Platelets 0
60.00000000000004 338 29.000000000000043 338 29.00000000000005 402 60.00000000000004 402 Platelets 0
560 585 516 585 516 610 560 610 Platelets 0