329 3.0248775938939626e-14 165 2.0206672185931328e-14 165 120.00000000000003 329 120.00000000000003 WBC 0
191 118 81.00000000000003 118 81.00000000000003 257 191.00000000000006 257 RBC 0
149.00000000000003 187 30.00000000000002 187 30.000000000000032 335 149.00000000000006 335 RBC 0
99.00000000000006 385 4.71489017671731e-14 385 5.798702593962718e-14 562 99.00000000000006 562 RBC 0
209.00000000000006 247 123.00000000000003 247 123.00000000000004 387 209.00000000000006 387 RBC 0
156.00000000000006 305 45.00000000000004 305 45.00000000000006 420 156.00000000000006 420 RBC 0
272 168.00000000000006 183 168 183.00000000000006 290 272 290 RBC 0
259.00000000000006 337 173.00000000000006 337 173.00000000000006 492 259.0000000000001 492 RBC 0
296.0000000000001 503 125.00000000000006 503 125.00000000000007 640 296.0000000000001 640 RBC 0
338.00000000000006 350 248.00000000000006 350 248.00000000000006 492 338.0000000000001 492 RBC 0
379 279 299 279 299 439 379 439 RBC 0
424 72.00000000000004 315 72.00000000000003 315 250.00000000000006 424 250.00000000000006 RBC 0
558 69.00000000000006 468 69.00000000000006 468 209.00000000000006 558 209.00000000000006 RBC 0
531 97.00000000000006 415 97.00000000000006 415 242.00000000000006 531 242.00000000000006 RBC 0
528 210.00000000000006 368 210.00000000000006 368 402 528 402.0000000000001 RBC 0