389 33.000000000000036 265 33.00000000000003 265 160.00000000000006 389 160.00000000000006 WBC 0
204.00000000000003 162 73.00000000000003 162 73.00000000000003 282 204.00000000000006 282 RBC 0
77.00000000000004 283 3.0000000000000346 283 3.000000000000046 475 77.00000000000006 475 RBC 0
328 107.00000000000003 209 107.00000000000003 209 232.00000000000003 328 232.00000000000006 RBC 0
370 228.00000000000006 244 228.00000000000006 244.00000000000003 362 370 362 RBC 0
487 202.00000000000006 362 202.00000000000006 362 342 487 342.0000000000001 RBC 0
583 65.00000000000007 457 65.00000000000006 457 218.00000000000006 583 218.00000000000006 RBC 0
640 193.00000000000006 486 193.00000000000006 486 408.0000000000001 640 408.0000000000001 RBC 0
250.00000000000006 485 139.00000000000006 485 139.00000000000006 620 250.00000000000006 620 RBC 0
479.00000000000006 403.00000000000006 378 403 378.00000000000006 570 479.0000000000001 570 RBC 0
381.0000000000001 445 245.00000000000006 445 245.00000000000006 580 381.0000000000001 580 RBC 0
135.00000000000006 458 87.00000000000006 458 87.00000000000006 522 135.00000000000006 522 Platelets 0
545 30.000000000000064 501 30.000000000000064 501 80.00000000000006 545 80.00000000000006 Platelets 0