272 2.0512833885718166e-14 63 7.715274834628325e-15 63.00000000000001 105.00000000000001 272 105.00000000000003 RBC 0
330 110.00000000000003 142 110.00000000000003 142.00000000000003 263 330 263 RBC 0
111.00000000000006 313 3.833144481331216e-14 313 5.143516556418884e-14 527 111.00000000000006 527 RBC 0
65.00000000000001 78 9.552245033349357e-15 78 1.6838893488276108e-14 197 65.00000000000003 197 RBC 0
284.00000000000006 409 170.00000000000006 409 170.00000000000006 514 284.0000000000001 514 RBC 0
572 43.00000000000006 430 43.00000000000006 430 175.00000000000006 572 175.00000000000006 RBC 0
471 122.00000000000006 351 122.00000000000006 351 272.00000000000006 471 272.0000000000001 RBC 0
607 183.00000000000006 485 183.00000000000006 485 285.0000000000001 607 285.0000000000001 RBC 0
640 82.00000000000009 582 82.00000000000009 582 375.0000000000001 640 375.0000000000001 RBC 0
428 273 264 273 264 442 428 442 WBC 0
292 238.00000000000006 257 238.00000000000006 257 302 292 302 WBC 0