227.00000000000003 145 85.00000000000003 145 85.00000000000003 467 227.00000000000006 467 RBC 0
139.00000000000006 473 20.000000000000057 473 20.000000000000068 640 139.00000000000006 640 RBC 0
256.00000000000006 432 126.00000000000006 432 126.00000000000007 587 256.0000000000001 587 RBC 0
221.00000000000006 530 98.00000000000006 530 98.00000000000009 640 221.00000000000006 640 RBC 0
484.0000000000001 530 383.0000000000001 530 383.0000000000001 640 484.0000000000001 640 RBC 0
471 150.00000000000006 314 150.00000000000006 314 327 471 327.0000000000001 RBC 0
570 205.00000000000006 415 205.00000000000006 415 412 570 412.0000000000001 RBC 0
640 336.0000000000001 586 336.0000000000001 586 640 640 640 RBC 0
360.00000000000006 322 222.00000000000006 322 222.00000000000006 500 360.0000000000001 500 WBC 0
531 538 490.0000000000001 538 490.0000000000001 600 531 600 Platelets 0
189 39.00000000000002 138 39.000000000000014 138 99.00000000000003 189 99.00000000000003 Platelets 0