86.00000000000006 368 4.50670022086226e-14 368 5.498664128171616e-14 530 86.00000000000006 530 RBC 0
228.00000000000006 467 92.00000000000006 467 92.00000000000006 607 228.00000000000006 607 RBC 0
113 47.000000000000014 23.000000000000007 47 23.000000000000014 225 113.00000000000003 225 RBC 0
317 110.00000000000003 198 110.00000000000003 198.00000000000006 252.00000000000003 317 252.00000000000006 RBC 0
255 3.000000000000024 133 3.000000000000016 133 95.00000000000003 255 95.00000000000003 RBC 0
404 7.000000000000042 276 7.000000000000034 276 110.00000000000003 404 110.00000000000006 RBC 0
403 98.00000000000004 279 98.00000000000003 279 220.00000000000006 403 220.00000000000006 RBC 0
471 159.00000000000006 371 159.00000000000006 371 329.00000000000006 471 329.0000000000001 RBC 0
640 6.533490673451129e-14 427 5.2292418323591984e-14 427 178.00000000000006 640 178.00000000000006 RBC 0
640 195.00000000000006 575 195.00000000000006 575 402.0000000000001 640 402.0000000000001 RBC 0
601 240.00000000000006 441 240.00000000000006 441 440.00000000000006 601 440.0000000000001 RBC 0
178 118.00000000000003 143 118.00000000000003 143 167 178 167 Platelets 0
449 67.00000000000006 404 67.00000000000006 404 132.00000000000006 449 132.00000000000006 Platelets 0
569 415.00000000000006 426 415 426.0000000000001 598 569 598 WBC 0
640 488.0000000000001 525 488.0000000000001 525 640 640 640 RBC 0