307 283 155.00000000000006 283 155.00000000000006 457 307 457 WBC 0
398 240.00000000000006 344 240.00000000000006 344 283 398 283 Platelets 0
77.00000000000001 72 42.000000000000014 72 42.000000000000014 117 77.00000000000003 117 Platelets 0
333 325 293 325 293 385 333 385 Platelets 0
208.00000000000006 470 23.000000000000057 470 23.00000000000007 640 208.00000000000006 640 RBC 0
211.00000000000006 468 17.000000000000057 468 17.000000000000068 640 211.00000000000006 640 Platelets 0
390 77.00000000000004 222 77.00000000000003 222.00000000000003 265 390 265 RBC 0
484 63.00000000000005 378 63.00000000000004 378 195.00000000000006 484 195.00000000000006 RBC 0
506 202.00000000000006 384 202.00000000000006 384 337 506 337.0000000000001 RBC 0
599 295.00000000000006 460 295 460 443.00000000000006 599 443.0000000000001 RBC 0
606 446.0000000000001 313 446 313.00000000000006 640 606 640 RBC 0
633 52.00000000000007 589 52.00000000000007 589 190.00000000000006 633 190.00000000000006 RBC 0
580 6.19058956968987e-14 431 5.2782277043250925e-14 431 92.00000000000006 580 92.00000000000006 RBC 0