505 92.00000000000004 247 92.00000000000003 247.00000000000003 400.00000000000006 505 400.0000000000001 WBC 0
131.00000000000006 353 15.000000000000043 353 15.000000000000052 507 131.00000000000006 507 RBC 0
239.00000000000006 355 121.00000000000006 355 121.00000000000006 568 239.00000000000006 568 RBC 0
279 127.00000000000001 79.00000000000003 127 79.00000000000004 382 279 382 RBC 0
431.0000000000001 372 229.00000000000006 372 229.00000000000006 577 431.0000000000001 577 RBC 0
560 317.00000000000006 424 317 424.00000000000006 570 560 570 RBC 0
575 140.00000000000006 483 140.00000000000006 483 303.0000000000001 575 303.0000000000001 RBC 0
640 278.0000000000001 530 278.0000000000001 530 447.0000000000001 640 447.0000000000001 RBC 0
320 38.000000000000036 259 38.00000000000003 259 90.00000000000003 320 90.00000000000003 Platelets 0
362.0000000000001 600 308.0000000000001 600 308.0000000000001 640 362.0000000000001 640 Platelets 0
608 600 569 600 569 640 608 640 Platelets 0
621 527 585 527 585 587 621 587 Platelets 0