141.00000000000003 123 59.000000000000014 123 59.00000000000002 265 141.00000000000006 265 RBC 0
75.00000000000004 282 3.453503973595536e-14 282 4.5924254968025744e-14 468 75.00000000000006 468 RBC 0
356 272 256 272 256 420 356 420 RBC 0
520 492 351.0000000000001 492 351.0000000000001 633 520 633 RBC 0
639 272.00000000000006 408 272 408 417 639 417.0000000000001 RBC 0
428 147.00000000000006 344 147.00000000000006 344 338 428 338 RBC 0
559 62.000000000000064 449 62.00000000000006 449 212.00000000000006 559 212.00000000000006 RBC 0
333 110.00000000000003 197 110.00000000000003 197.00000000000003 253.00000000000006 333 253.00000000000006 WBC 0
278.0000000000001 472 239.00000000000006 472 239.00000000000006 522 278.0000000000001 522 Platelets 0
503.00000000000006 409.00000000000006 458 409 458.00000000000006 469.00000000000006 503.0000000000001 469.0000000000001 Platelets 0
615 190.00000000000006 577 190.00000000000006 577 255.00000000000006 615 255.00000000000006 Platelets 0