123 113 17.000000000000014 113 17.00000000000002 215 123.00000000000003 215 RBC 0
283 69.00000000000003 127 69.00000000000003 127.00000000000001 234.00000000000003 283 234.00000000000006 RBC 0
142.00000000000006 310 10.000000000000039 310 10.000000000000046 433 142.00000000000006 433 RBC 0
189.00000000000006 435 101.00000000000006 435 101.00000000000007 622 189.00000000000006 622 RBC 0
329 275 186.00000000000006 275 186.00000000000006 390 329 390 RBC 0
509 194.00000000000006 359 194.00000000000006 359 299.00000000000006 509 299.0000000000001 RBC 0
590 329.00000000000006 444 329 444.00000000000006 479.00000000000006 590 479.0000000000001 RBC 0
348.00000000000006 417 250.00000000000006 417 250.00000000000006 557 348.0000000000001 557 WBC 0
592 72.00000000000007 503 72.00000000000006 503 322.0000000000001 592 322.0000000000001 RBC 0
483.0000000000001 472 435.0000000000001 472 435.0000000000001 523 483.0000000000001 523 Platelets 0
239 1.7696146247679254e-14 50 6.123233995736766e-15 50.00000000000001 72.00000000000001 239 72.00000000000003 RBC 0