195.00000000000003 139 60.000000000000014 139 60.00000000000003 309 195.00000000000006 309 WBC 0
146 100.00000000000001 104 100 104.00000000000003 145 146 145 Platelets 0
215.00000000000006 590 172.00000000000006 590 172.00000000000006 640 215.00000000000006 640 Platelets 0
260 277 75.00000000000003 277 75.00000000000004 415 260 415 RBC 0
223.00000000000006 460 92.00000000000006 460 92.00000000000006 587 223.00000000000006 587 RBC 0
373.00000000000006 428 218.00000000000006 428 218.00000000000006 555 373.0000000000001 555 RBC 0
481 187.00000000000006 350 187.00000000000006 350 322 481 322.0000000000001 RBC 0
428 94.00000000000004 274 94.00000000000003 274 209.00000000000006 428 209.00000000000006 RBC 0
372 3.539229249535851e-14 206 2.5227724062435475e-14 206 93.00000000000004 372 93.00000000000006 RBC 0
160 4.00000000000001 4.898587196589413e-16 4 6.3069310156088696e-15 99.00000000000003 160 99.00000000000003 RBC 0
615 6.13548046372824e-14 387 4.739383112700257e-14 387 102.00000000000006 615 102.00000000000009 RBC 0
634 112.00000000000006 498 112.00000000000006 498 350.0000000000001 634 350.0000000000001 WBC 0