118 109.00000000000003 17.000000000000014 109 17.00000000000002 224 118.00000000000003 224 RBC 0
150.00000000000006 245 6.00000000000003 245 6.000000000000034 320 150.00000000000006 320 RBC 0
220 100.00000000000003 132 100.00000000000003 132 223 220 223 RBC 0
340 155.00000000000003 202 155 202.00000000000003 293 340 293 RBC 0
415 98.00000000000004 326 98.00000000000003 326 210.00000000000006 415 210.00000000000006 RBC 0
619 22.000000000000068 453 22.000000000000057 453 217.00000000000006 619 217.00000000000006 RBC 0
361 327 260 327 260 455 361 455 RBC 0
184.00000000000006 353 8.000000000000043 353 8.000000000000048 442 184.00000000000006 442 RBC 0
230.00000000000006 475 66.00000000000006 475 66.00000000000006 572 230.00000000000006 572 RBC 0
620 305.0000000000001 516 305.0000000000001 516 410.0000000000001 620 410.0000000000001 RBC 0
516 229.00000000000006 356 229.00000000000006 356 399.00000000000006 516 399.0000000000001 WBC 0
547 333.0000000000001 502 333.0000000000001 502 392.0000000000001 547 392.0000000000001 Platelets 0