300.00000000000006 252.00000000000003 99.00000000000003 252 99.00000000000004 502 300.0000000000001 502 WBC 0
355 102.00000000000004 181 102.00000000000003 181 250.00000000000003 355 250.00000000000006 RBC 0
356 99.00000000000004 185 99.00000000000003 185.00000000000003 249.00000000000003 356 249.00000000000006 Platelets 0
168.00000000000006 17.00000000000001 9.000000000000004 17 9.000000000000018 257 168.00000000000006 257 RBC 0
54.00000000000004 280 3.429011037612589e-14 280 4.243401159045579e-14 413 54.00000000000006 413 RBC 0
530 215.00000000000006 391 215.00000000000006 391 327 530 327.0000000000001 RBC 0
501 15.00000000000005 329 15.000000000000039 329 160.00000000000006 501 160.00000000000006 RBC 0
636 127.00000000000006 510 127.00000000000006 510 260.0000000000001 636 260.0000000000001 RBC 0
627 6.784543267276337e-14 481 5.89055110389877e-14 481 88.00000000000009 627 88.00000000000009 RBC 0
595 322.0000000000001 466 322.0000000000001 466.0000000000001 543 595 543 RBC 0
605 514 453.0000000000001 514 453.0000000000001 640 605 640 RBC 0
208 72.00000000000003 168 72.00000000000003 168 113.00000000000003 208 113.00000000000003 Platelets 0
212 72.00000000000003 167 72.00000000000003 167 133 212 133 RBC 0
100 10.000000000000009 48 10.000000000000007 48 38.00000000000001 100 38.000000000000014 Platelets 0