215.00000000000003 80.00000000000001 63.000000000000014 80 63.00000000000003 260 215.00000000000006 260 WBC 0
79.00000000000004 225 2.7554552980815446e-14 225 3.784158609365321e-14 393 79.00000000000006 393 RBC 0
290 83.00000000000003 210 83.00000000000003 210 217.00000000000003 290 217.00000000000006 RBC 0
468 87.00000000000004 344 87.00000000000003 344 217.00000000000006 468 217.00000000000006 RBC 0
372 178.00000000000006 267 178.00000000000006 267 297 372 297 RBC 0
319 204.00000000000003 221 204 221 349 319 349 RBC 0
319.0000000000001 485 229.00000000000006 485 229.00000000000006 578 319.0000000000001 578 RBC 0
240.00000000000006 518 155.00000000000006 518 155.00000000000006 622 240.00000000000006 622 RBC 0
503.00000000000006 360.00000000000006 398 360 398.00000000000006 545 503.0000000000001 545 RBC 0
399 335 320 335 320 452 399 452 RBC 0
591 318.0000000000001 491 318.0000000000001 491.0000000000001 500.0000000000001 591 500.0000000000001 RBC 0
124.00000000000006 352 86.00000000000006 352 86.00000000000006 412 124.00000000000006 412 Platelets 0