139.00000000000003 142 14.000000000000018 142 14.000000000000028 320 139.00000000000006 320 RBC 0
115.00000000000006 418 54.00000000000006 418 54.000000000000064 540 115.00000000000006 540 RBC 0
286 255.00000000000003 165.00000000000006 255 165.00000000000006 332 286 332 RBC 0
368 13.00000000000004 290 13.000000000000036 290 117.00000000000004 368 117.00000000000006 RBC 0
281 10.000000000000021 100 10.00000000000001 100 103 281 103.00000000000003 RBC 0
583 75.00000000000007 514 75.00000000000006 514 180.00000000000006 583 180.00000000000006 RBC 0
619 208.00000000000006 484 208.00000000000006 484 365.0000000000001 619 365.0000000000001 RBC 0
464.00000000000006 349 369 349 369.00000000000006 484 464.0000000000001 484 RBC 0
445.0000000000001 523 363.0000000000001 523 363.0000000000001 572 445.0000000000001 572 RBC 0
640 408.0000000000001 478 408.0000000000001 478.00000000000006 511.0000000000001 640 511.0000000000001 RBC 0
325.00000000000006 359 193.00000000000006 359 193.00000000000006 519 325.0000000000001 519 WBC 0
398 212.00000000000006 350 212.00000000000006 350 263 398 263 Platelets 0