351.0000000000001 353 214.00000000000006 353 214.00000000000006 545 351.0000000000001 545 WBC 0
209.00000000000006 527 173.00000000000006 527 173.00000000000006 573 209.00000000000006 573 Platelets 0
153.00000000000006 417 122.00000000000006 417 122.00000000000006 478 153.00000000000006 478 Platelets 0
196.00000000000006 408 160.00000000000006 408 160.00000000000006 462 196.00000000000006 462 Platelets 0
90.00000000000006 434 42.00000000000006 434 42.00000000000006 499 90.00000000000006 499 Platelets 0
513 433.00000000000006 414 433 414.00000000000006 587 513 587 RBC 0
473.00000000000006 457 443 457 443.00000000000006 523 473.0000000000001 523 Platelets 0
161 1.3042488410919312e-14 52 6.368163355566236e-15 52.000000000000014 93 161 93.00000000000003 RBC 0
224 55.000000000000014 129 55.000000000000014 129 217 224 217 RBC 0
298 147.00000000000003 194 147 194.00000000000003 323 298 323 RBC 0
203.00000000000006 282 63.00000000000003 282 63.000000000000036 400 203.00000000000006 400 RBC 0
459 307 324 307 324 430 459 430 RBC 0
454 53.00000000000005 333 53.00000000000004 333 242.00000000000006 454 242.00000000000006 RBC 0
638 13.000000000000068 453 13.000000000000057 453 257.00000000000006 638 257.0000000000001 RBC 0
640 350.0000000000001 492 350.0000000000001 492 625 640 625 RBC 0