274 157.00000000000003 179 157 179.00000000000003 267 274 267 RBC 0
351 193.00000000000006 251 193.00000000000006 251 300 351 300 RBC 0
149.00000000000003 125.00000000000001 40.000000000000014 125 40.000000000000014 240 149.00000000000006 240 RBC 0
208.00000000000006 237 94.00000000000003 237 94.00000000000004 427 208.00000000000006 427 RBC 0
168.00000000000006 425 68.00000000000006 425 68.00000000000006 573 168.00000000000006 573 RBC 0
121.00000000000007 452 19.000000000000057 452 19.000000000000064 592 121.00000000000009 592 RBC 0
311.0000000000001 487 185.00000000000006 487 185.00000000000006 608 311.0000000000001 608 RBC 0
479.0000000000001 533 369.0000000000001 533 369.0000000000001 640 479.0000000000001 640 RBC 0
530 97.00000000000006 389 97.00000000000006 389 243.00000000000006 530 243.00000000000006 RBC 0
496 195.00000000000006 370 195.00000000000006 370 353.00000000000006 496 353.0000000000001 RBC 0
588 265.0000000000001 467 265.0000000000001 467 430.0000000000001 588 430.0000000000001 RBC 0
595 537 507.0000000000001 537 507.0000000000001 640 595 640 RBC 0
632 164.00000000000006 517 164.00000000000006 517 309.0000000000001 632 309.0000000000001 RBC 0
503.00000000000006 293.00000000000006 268 293 268.00000000000006 547 503.0000000000001 547 WBC 0