430 228.00000000000006 308 228.00000000000006 308 420 430 420 RBC 0
344 173.00000000000006 308 173.00000000000006 308 220.00000000000006 344 220.00000000000006 Platelets 0
247.00000000000006 390 133.00000000000006 390 133.00000000000006 543 247.00000000000006 543 WBC 0
253.00000000000006 370 118.00000000000006 370 118.00000000000006 552 253.00000000000006 552 Platelets 0
327 13.000000000000034 228 13.000000000000028 228 177.00000000000003 327 177.00000000000006 RBC 0
481 77.00000000000006 380 77.00000000000006 380 185.00000000000006 481 185.00000000000006 RBC 0
355.00000000000006 315 261 315 261.00000000000006 530 355.0000000000001 530 RBC 0
531 230.00000000000006 431 230.00000000000006 431 388.00000000000006 531 388.0000000000001 RBC 0
584 172.00000000000006 470 172.00000000000006 470 270.0000000000001 584 270.0000000000001 RBC 0
516 470.00000000000006 385.0000000000001 470 385.0000000000001 615 516 615 RBC 0
640 202.00000000000006 520 202.00000000000006 520 583 640 583 RBC 0
196 72.00000000000003 120 72.00000000000003 120.00000000000001 200 196 200 RBC 0