294.00000000000006 272 108.00000000000003 272 108.00000000000004 568 294.0000000000001 568 WBC 0
442 110.00000000000003 228 110.00000000000003 228.00000000000006 267 442 267 RBC 0
361 3.606584823488955e-14 228 2.7921947020559652e-14 228 103.00000000000004 361 103.00000000000006 RBC 0
140.00000000000006 490 46.00000000000006 490 46.00000000000007 618 140.00000000000006 618 RBC 0
350.0000000000001 560 141.00000000000006 560 141.00000000000006 640 350.0000000000001 640 RBC 0
485.0000000000001 541 365.0000000000001 541 365.0000000000001 640 485.0000000000001 640 RBC 0
534 212.00000000000006 420 212.00000000000006 420 387 534 387.0000000000001 RBC 0
490.00000000000006 360.00000000000006 395 360 395.00000000000006 492 490.0000000000001 492.0000000000001 RBC 0
640 385.0000000000001 467 385.0000000000001 467 536 640 536 RBC 0
640 134.00000000000006 498 134.00000000000006 498 318.0000000000001 640 318.0000000000001 RBC 0
615 504.0000000000001 482.0000000000001 504.0000000000001 482.0000000000001 640 615 640 RBC 0
472 150.00000000000006 428 150.00000000000006 428 228.00000000000006 472 228.00000000000006 Platelets 0
228.00000000000006 593 194.00000000000006 593 194.00000000000006 632 228.00000000000006 632 Platelets 0