105.00000000000001 78 13.00000000000001 78 13.000000000000021 220 105.00000000000003 220 WBC 0
255.00000000000003 80.00000000000003 119 80.00000000000003 119.00000000000003 448 255.00000000000006 448 RBC 0
146.00000000000006 333 35.00000000000004 333 35.00000000000006 592 146.00000000000006 592 RBC 0
372 327 277 327 277.00000000000006 535 372.0000000000001 535 RBC 0
465.00000000000006 442 364 442 364.00000000000006 583 465.0000000000001 583 RBC 0
640 108.00000000000009 440 108.00000000000006 440.00000000000006 467 640 467.0000000000001 RBC 0
604 438.0000000000001 503 438.0000000000001 503.00000000000006 632 604 632 RBC 0
365 133.00000000000006 313 133.00000000000006 313 187.00000000000006 365 187.00000000000006 Platelets 0
363 134.00000000000006 314 134.00000000000006 314 189.00000000000006 363 189.00000000000006 WBC 0
397 392 358 392 358 435 397 435 Platelets 0
365 282 321 282 321 332 365 332 Platelets 0
87.00000000000003 295 45.00000000000004 295 45.00000000000004 340 87.00000000000003 340 Platelets 0
243 55.00000000000003 209 55.00000000000003 209 127.00000000000003 243 127.00000000000003 Platelets 0
105.00000000000003 223 70.00000000000003 223 70.00000000000003 265 105.00000000000003 265 Platelets 0