175 140 1.7145055188062946e-14 140 2.247226876435393e-14 227 175 227 RBC 0
90.00000000000003 317 2.000000000000039 317 2.000000000000048 467 90.00000000000006 467 RBC 0
191.00000000000006 377 99.00000000000006 377 99.00000000000006 515 191.00000000000006 515 RBC 0
315.00000000000006 407 200.00000000000006 407 200.00000000000006 552 315.0000000000001 552 RBC 0
325 260 234.00000000000006 260 234.00000000000006 362 325 362 RBC 0
313 138.00000000000003 199 138 199 217.00000000000003 313 217.00000000000006 RBC 0
436 155.00000000000006 315 155.00000000000006 315 250.00000000000006 436 250.00000000000006 RBC 0
640 79.00000000000007 430 79.00000000000006 430 194.00000000000006 640 194.00000000000006 RBC 0
640 247.00000000000006 540 247.00000000000006 540 330.0000000000001 640 330.0000000000001 RBC 0
507 378.00000000000006 338 378 338.00000000000006 532 507.0000000000001 532 RBC 0
627 470.0000000000001 528 470.0000000000001 528 608 627 608 RBC 0
530 337.0000000000001 488 337.0000000000001 488 383.0000000000001 530 383.0000000000001 Platelets 0
235.00000000000006 239.00000000000003 126.00000000000003 239 126.00000000000006 374 235.00000000000006 374 WBC 0