284 2.7125926601113873e-14 159 1.9471884106442917e-14 159 80.00000000000003 284 80.00000000000003 WBC 0
233 122.00000000000003 135 122.00000000000003 135 220.00000000000003 233 220.00000000000006 RBC 0
154.00000000000006 455 13.000000000000057 455 13.000000000000064 590 154.00000000000006 590 RBC 0
325.00000000000006 453 237.00000000000006 453 237.00000000000006 585 325.0000000000001 585 RBC 0
388.00000000000006 265 280 265 280.00000000000006 482 388.0000000000001 482 RBC 0
321 137.00000000000006 245 137.00000000000006 245.00000000000003 265 321 265 RBC 0
457 139.00000000000006 342 139.00000000000006 342 229.00000000000006 457 229.00000000000006 RBC 0
514 232.00000000000006 383 232.00000000000006 383 355.00000000000006 514 355.0000000000001 RBC 0
591 122.00000000000006 489 122.00000000000006 489 248.00000000000006 591 248.00000000000006 RBC 0
526 8.000000000000055 390 8.000000000000046 390 120.00000000000006 526 120.00000000000006 RBC 0
382 3.0000000000000417 298 3.0000000000000364 298 75.00000000000004 382 75.00000000000006 RBC 0
635 7.256032284948069e-14 550 6.735557395310443e-14 550 100.00000000000007 635 100.00000000000009 RBC 0