297.0000000000001 594 268.0000000000001 594 268.0000000000001 634 297.0000000000001 634 Platelets 0
393 37.000000000000036 259 37.00000000000003 259 208.00000000000006 393 208.00000000000006 WBC 0
155 25.000000000000007 25 25 25.000000000000007 178 155 178 RBC 0
54.00000000000004 275 3.3677786976552216e-14 275 4.120936479130844e-14 398 54.00000000000004 398 RBC 0
171.00000000000006 282 69.00000000000003 282 69.00000000000004 397 171.00000000000006 397 RBC 0
298 312 184.00000000000006 312 184.00000000000006 420 298 420 RBC 0
298 89.00000000000003 152 89.00000000000003 152.00000000000003 299 298 299 RBC 0
234.00000000000006 424 78.00000000000006 424 78.00000000000006 539 234.00000000000006 539 RBC 0
224.00000000000006 552 98.00000000000006 552 98.00000000000009 637 224.00000000000006 637 RBC 0
580 485.0000000000001 484.0000000000001 485.0000000000001 484.0000000000001 610 580 610 RBC 0
640 395.0000000000001 581 395.0000000000001 581 636 640 636 RBC 0
640 123.00000000000009 506 123.00000000000006 506 356.0000000000001 640 356.0000000000001 RBC 0