159.00000000000003 179 74.00000000000003 179 74.00000000000003 309 159.00000000000006 309 RBC 0
309 40.000000000000036 225 40.00000000000003 225 157.00000000000003 309 157.00000000000006 RBC 0
434 93.00000000000004 346 93.00000000000003 346 197.00000000000006 434 197.00000000000006 RBC 0
438.00000000000006 312 270 312 270.00000000000006 480 438.0000000000001 480 RBC 0
280.00000000000006 402 149.00000000000006 402 149.00000000000006 560 280.0000000000001 560 RBC 0
123.00000000000009 597 40.00000000000007 597 40.00000000000008 640 123.00000000000009 640 RBC 0
540 222.00000000000006 431 222.00000000000006 431 348.00000000000006 540 348.0000000000001 RBC 0
630 217.00000000000006 559 217.00000000000006 559 338.0000000000001 630 338.0000000000001 RBC 0
640 367.0000000000001 570 367.0000000000001 570 467.0000000000001 640 467.0000000000001 RBC 0
568 510.00000000000006 411.0000000000001 510 411.0000000000001 640 568 640 RBC 0
307.0000000000001 613 265.0000000000001 613 265.0000000000001 640 307.0000000000001 640 Platelets 0