147.00000000000006 285 35.00000000000003 285 35.00000000000004 435 147.00000000000006 435 WBC 0
125.00000000000006 455 14.000000000000057 455 14.000000000000064 575 125.00000000000006 575 RBC 0
314.0000000000001 482 141.00000000000006 482 141.00000000000006 598 314.0000000000001 598 RBC 0
377 388 182.00000000000006 388 182.00000000000006 542 377.0000000000001 542 RBC 0
291 179.00000000000003 134 179 134.00000000000003 294 291 294 RBC 0
493 150.00000000000006 307 150.00000000000006 307 383.00000000000006 493 383.0000000000001 RBC 0
149 45.00000000000001 55 45 55.00000000000001 135 149 135 RBC 0
528 69.00000000000006 422 69.00000000000006 422 179.00000000000006 528 179.00000000000006 RBC 0
640 247.00000000000006 478 247.00000000000006 478 383.0000000000001 640 383.0000000000001 RBC 0
631 434.00000000000006 353 434 353.00000000000006 640 631 640 RBC 0
640 389.0000000000001 528 389.0000000000001 528 523 640 523 RBC 0
626 490.0000000000001 590 490.0000000000001 590 525 626 525 Platelets 0