456 195.00000000000006 266 195.00000000000006 266 347 456 347 RBC 0
399 280 368 280 368 332 399 332 Platelets 0
513 235.00000000000006 403 235.00000000000006 403 347 513 347.0000000000001 RBC 0
501 199.00000000000006 469 199.00000000000006 469 254.00000000000006 501 254.00000000000006 Platelets 0
105.00000000000001 6.429395695523605e-15 0 0 7.776507174585693e-15 127 105.00000000000003 127 RBC 0
234 72.00000000000003 123 72.00000000000003 123 217.00000000000003 234 217.00000000000006 RBC 0
77.00000000000003 163 2.0000000000000195 163 2.00000000000003 337 77.00000000000003 337 RBC 0
255.00000000000003 230.00000000000003 106.00000000000003 230 106.00000000000006 350 255.00000000000006 350 RBC 0
128.00000000000006 443 5.4251853202227746e-14 443 6.631462417382917e-14 640 128.00000000000006 640 RBC 0
434 4.341372902977367e-14 275 3.3677786976552216e-14 275 142.00000000000006 434 142.00000000000006 RBC 0
573 198.00000000000006 508 198.00000000000006 508 322.0000000000001 573 322.0000000000001 RBC 0
640 228.00000000000006 578 228.00000000000006 578 360.0000000000001 640 360.0000000000001 RBC 0
560 6.196712803685607e-14 452 5.535403532146036e-14 452 85.00000000000006 560 85.00000000000006 RBC 0
623 65.00000000000007 534 65.00000000000006 534 185.00000000000006 623 185.00000000000006 RBC 0