103.00000000000003 147 2.0000000000000178 147 2.0000000000000253 270 103.00000000000003 270 RBC 0
338 115.00000000000003 214 115.00000000000003 214.00000000000003 250.00000000000003 338 250.00000000000006 RBC 0
283 202.00000000000003 149 202 149.00000000000003 338 283 338 RBC 0
186.00000000000006 312 9.000000000000039 312 9.00000000000005 480 186.00000000000006 480 RBC 0
540 102.00000000000006 355 102.00000000000006 355 327 540 327.0000000000001 RBC 0
576 387 425 387 425.00000000000006 612 576 612 RBC 0
261.0000000000001 528 70.00000000000006 528 70.00000000000007 640 261.0000000000001 640 RBC 0
333 2.565635044213705e-14 86 1.0531962472667237e-14 86 113 333 113.00000000000003 RBC 0
584 2.000000000000058 361 2.0000000000000444 361 163.00000000000006 584 163.00000000000006 RBC 0
438.00000000000006 353 232.00000000000006 353 232.00000000000006 597 438.0000000000001 597 WBC 0
56.00000000000008 579 9.000000000000071 579 9.000000000000075 639 56.000000000000085 639 Platelets 0
150.00000000000006 413 96.00000000000006 413 96.00000000000006 465 150.00000000000006 465 Platelets 0
186.00000000000006 432 156.00000000000006 432 156.00000000000006 482 186.00000000000006 482 Platelets 0
125.00000000000003 333 67.00000000000003 333 67.00000000000004 415 125.00000000000006 415 Platelets 0
144 74.00000000000001 105 74 105.00000000000001 124.00000000000003 144 124.00000000000003 Platelets 0