111.00000000000006 270 3.3065463576978534e-14 270 4.531193156845207e-14 470 111.00000000000006 470 WBC 0
58.000000000000014 120 29.000000000000014 120 29.000000000000018 173 58.000000000000014 173 Platelets 0
338 85.00000000000003 312 85.00000000000003 312 145.00000000000006 338 145.00000000000006 Platelets 0
380 90.00000000000003 338 90.00000000000003 338 147.00000000000006 380 147.00000000000006 Platelets 0
409 65.00000000000006 366 65.00000000000006 366 103.00000000000006 409 103.00000000000006 Platelets 0
335 3.48412014357422e-14 234 2.865673510004806e-14 234 112.00000000000003 335 112.00000000000003 RBC 0
149.00000000000003 218 51.00000000000003 218 51.00000000000003 295 149.00000000000006 295 RBC 0
142.00000000000006 517 68.00000000000006 517 68.00000000000007 612 142.00000000000006 612 RBC 0
410.00000000000006 443 286 443 286.00000000000006 555 410.0000000000001 555 RBC 0
285 252.00000000000003 160.00000000000006 252 160.00000000000006 420 285 420 RBC 0
458 347 304 347 304 445 458 445 RBC 0
464 142.00000000000006 376 142.00000000000006 376 245.00000000000006 464 245.00000000000006 RBC 0
569 214.00000000000006 484 214.00000000000006 484 379.0000000000001 569 379.0000000000001 RBC 0
570 392 445 392 445.00000000000006 535 570 535 RBC 0