200.00000000000003 112.00000000000001 90 112 90.00000000000003 363 200.00000000000006 363 RBC 0
151.00000000000006 377 4.6169184327855214e-14 377 5.56601970212472e-14 532 151.00000000000006 532 RBC 0
306.00000000000006 333 189.00000000000006 333 189.00000000000006 495 306.0000000000001 495 RBC 0
255.00000000000006 437 156.00000000000006 437 156.00000000000006 627 255.00000000000006 627 RBC 0
309.0000000000001 520 274.0000000000001 520 274.0000000000001 582 309.0000000000001 582 Platelets 0
376 7.0000000000000355 189 7.000000000000023 189 133.00000000000003 376 133.00000000000006 RBC 0
377 105.00000000000003 293 105.00000000000003 293 220.00000000000006 377 220.00000000000006 RBC 0
364 277 271 277 271 397 364 397 RBC 0
500.00000000000006 405.00000000000006 409 405 409.00000000000006 535 500.0000000000001 535 RBC 0
574 450.0000000000001 514 450.0000000000001 514 550 574 550 RBC 0
610 98.00000000000009 532 98.00000000000006 532 212.00000000000006 610 212.00000000000006 RBC 0
434.00000000000006 369 335 369 335.00000000000006 544 434.0000000000001 544 RBC 0
546 145.00000000000006 359 145.00000000000006 359 358.00000000000006 546 358.0000000000001 WBC 0