120.00000000000003 265 85.00000000000003 265 85.00000000000003 308 120.00000000000003 308 Platelets 0
274.00000000000006 403 101.00000000000006 403 101.00000000000006 515 274.0000000000001 515 RBC 0
105.00000000000006 370 94.00000000000006 370 94.00000000000006 390 105.00000000000006 390 Platelets 0
158.00000000000006 447 138.00000000000006 447 138.00000000000006 483 158.00000000000006 483 Platelets 0
394 27.000000000000043 284 27.000000000000036 284 195.00000000000006 394 195.00000000000006 RBC 0
319 112.00000000000003 285 112.00000000000003 285 165.00000000000006 319 165.00000000000006 Platelets 0
513 360.00000000000006 412 360 412 517 513 517 WBC 0
136.00000000000003 122.00000000000001 4.000000000000014 122 4.000000000000021 237 136.00000000000006 237 RBC 0
95.00000000000003 257 1.0000000000000315 257 1.0000000000000437 458 95.00000000000006 458 RBC 0
293.00000000000006 462 169.00000000000006 462 169.00000000000006 582 293.0000000000001 582 RBC 0
114.00000000000007 472 10.000000000000057 472 10.000000000000068 630 114.00000000000009 630 RBC 0
509 230.00000000000006 384 230.00000000000006 384 367 509 367.0000000000001 RBC 0
327 310 218.00000000000006 310 218.00000000000006 403 327 403 RBC 0
283 239.00000000000003 139.00000000000006 239 139.00000000000006 359 283 359 RBC 0
305 147.00000000000003 165 147 165.00000000000003 285 305 285 RBC 0
497 12.000000000000053 372 12.000000000000046 372 160.00000000000006 497 160.00000000000006 RBC 0
579 122.00000000000006 453 122.00000000000006 453 322 579 322.0000000000001 RBC 0
625 359.0000000000001 524 359.0000000000001 524 499.0000000000001 625 499.0000000000001 RBC 0
447.0000000000001 564 360.0000000000001 564 360.0000000000001 640 447.0000000000001 640 RBC 0