331 102.00000000000003 231 102.00000000000003 231 208.00000000000006 331 208.00000000000006 RBC 0
368 163.00000000000006 273 163.00000000000006 273 307 368 307 RBC 0
460 152.00000000000006 330 152.00000000000006 330 320 460 320 RBC 0
499 283.00000000000006 378 283 378 427 499 427.0000000000001 RBC 0
114.00000000000006 428 13.000000000000053 428 13.000000000000062 567 114.00000000000006 567 RBC 0
308.00000000000006 419 113.00000000000006 419 113.00000000000009 609 308.0000000000001 609 RBC 0
435.00000000000006 401 287 401 287.00000000000006 640 435.0000000000001 640 RBC 0
532 393.00000000000006 407 393 407 565 532 565 RBC 0
629 350.0000000000001 503 350.0000000000001 503.00000000000006 512 629 512 RBC 0
640 209.00000000000006 488 209.00000000000006 488 364.0000000000001 640 364.0000000000001 RBC 0
325.00000000000006 223.00000000000006 114.00000000000003 223 114.00000000000004 477 325.0000000000001 477 WBC 0
109.00000000000003 265 79.00000000000003 265 79.00000000000003 303 109.00000000000003 303 Platelets 0