49.00000000000004 195 2.388061258337339e-14 195 3.122849337825751e-14 315 49.00000000000004 315 RBC 0
188.00000000000006 149 82.00000000000003 149 82.00000000000003 269 188.00000000000006 269 RBC 0
350 67.00000000000004 200 67.00000000000003 200.00000000000003 248.00000000000006 350 248.00000000000006 RBC 0
500 162.00000000000006 342 162.00000000000006 342 327 500 327.0000000000001 RBC 0
531 374.00000000000006 410 374 410.00000000000006 524 531 524 RBC 0
380.00000000000006 457 242.00000000000006 457 242.00000000000006 572 380.0000000000001 572 RBC 0
244.00000000000006 504 65.00000000000006 504 65.00000000000007 634 244.00000000000006 634 RBC 0
205.00000000000006 348 17.000000000000043 348 17.000000000000053 530 205.00000000000006 530 RBC 0
333 282 205.00000000000006 282 205.00000000000006 462 333 462 WBC 0
506 219.00000000000006 464 219.00000000000006 464 274.00000000000006 506 274.0000000000001 Platelets 0
640 233.00000000000006 521 233.00000000000006 521 504.0000000000001 640 504.0000000000001 RBC 0
613 272.0000000000001 573 272.0000000000001 573 323.0000000000001 613 323.0000000000001 Platelets 0