345.00000000000006 257 194.00000000000006 257 194.00000000000006 492 345.0000000000001 492 WBC 0
224.00000000000006 467 95.00000000000006 467 95.00000000000007 623 224.00000000000006 623 RBC 0
69.00000000000007 415 5.0822842164615156e-14 415 6.264068377638712e-14 608 69.00000000000009 608 RBC 0
309 20.00000000000003 145 20.000000000000014 145 232.00000000000003 309 232.00000000000006 RBC 0
579 27.000000000000064 481 27.000000000000057 481 195.00000000000006 579 195.00000000000006 RBC 0
496 292.00000000000006 420 292 420 415.00000000000006 496 415.0000000000001 RBC 0
419.0000000000001 522 243.00000000000006 522 243.00000000000006 617 419.0000000000001 617 RBC 0
431.0000000000001 488 384.0000000000001 488 384.0000000000001 547 431.0000000000001 547 Platelets 0
544 253.00000000000006 504 253.00000000000006 504 305.0000000000001 544 305.0000000000001 Platelets 0
577 343.0000000000001 535 343.0000000000001 535 405.0000000000001 577 405.0000000000001 Platelets 0
620 317.0000000000001 575 317.0000000000001 575 383.0000000000001 620 383.0000000000001 Platelets 0
104.00000000000003 190 14.000000000000025 190 14.000000000000032 305 104.00000000000003 305 RBC 0
48.00000000000001 57 6.980486755139913e-15 57 1.3899741170322458e-14 170 48.000000000000014 170 WBC 0