464 2.0000000000000453 273 2.0000000000000338 273 158.00000000000006 464 158.00000000000006 WBC 0
267 2.4676633002819164e-14 136 1.6655196468404002e-14 136 58.00000000000003 267 58.00000000000003 RBC 0
205 32.00000000000002 75 32.000000000000014 75.00000000000001 163 205 163 RBC 0
275 105.00000000000003 119 105.00000000000003 119.00000000000003 237.00000000000003 275 237.00000000000006 RBC 0
149.00000000000006 262 3.208574613766065e-14 262 4.494453752870786e-14 472 149.00000000000006 472 RBC 0
340 252.00000000000003 148.00000000000006 252 148.00000000000006 460 340 460 RBC 0
275.00000000000006 455 79.00000000000006 455 79.00000000000007 637 275.0000000000001 637 RBC 0
401.0000000000001 528 301.0000000000001 528 301.0000000000001 640 401.0000000000001 640 RBC 0
398 167.00000000000006 282 167.00000000000006 282 285 398 285 RBC 0
569 67.00000000000006 388 67.00000000000006 388 263.00000000000006 569 263.0000000000001 RBC 0
580 202.00000000000006 444 202.00000000000006 444 347 580 347.0000000000001 RBC 0
532 287.00000000000006 343 287 343.00000000000006 485.00000000000006 532 485.0000000000001 RBC 0
634 262.0000000000001 549 262.0000000000001 549 445.0000000000001 634 445.0000000000001 RBC 0
640 120.00000000000007 572 120.00000000000006 572 278.0000000000001 640 278.0000000000001 RBC 0