110.00000000000003 278 24.000000000000036 278 24.000000000000043 422 110.00000000000006 422 RBC 0
243 15.000000000000018 63 15.000000000000007 63.000000000000014 182.00000000000003 243 182.00000000000006 RBC 0
216 187 86.00000000000003 187 86.00000000000003 332 216.00000000000006 332 RBC 0
259 297 168.00000000000006 297 168.00000000000006 420 259 420 RBC 0
333 177.00000000000003 217 177 217.00000000000003 317 333 317 RBC 0
370 329 256 329 256 454 370 454 RBC 0
404.00000000000006 417 356 417 356.0000000000001 522 404.0000000000001 522 RBC 0
640 147.00000000000006 470 147.00000000000006 470 283.0000000000001 640 283.0000000000001 RBC 0
640 280.00000000000006 453 280 453 411.0000000000001 640 411.0000000000001 RBC 0
602 408.00000000000006 412 408 412 640 602 640 WBC 0
328.0000000000001 525 299.0000000000001 525 299.0000000000001 570 328.0000000000001 570 Platelets 0