220 77.00000000000003 189 77.00000000000003 189 113.00000000000003 220 113.00000000000003 Platelets 0
367 8.000000000000043 332 8.000000000000039 332 50.00000000000004 367 50.00000000000004 Platelets 0
333 153.00000000000003 183 153 183.00000000000006 290 333 290 RBC 0
174 109.00000000000003 1.334865011070615e-14 109 2.0696530905590272e-14 229 174 229 RBC 0
204.00000000000006 264 3.000000000000032 264 3.0000000000000417 419 204.00000000000006 419 RBC 0
74.00000000000007 443 6.000000000000055 443 6.000000000000066 625 74.00000000000009 625 RBC 0
225.00000000000006 432 136.00000000000006 432 136.00000000000006 588 225.00000000000006 588 RBC 0
382.0000000000001 492 277.0000000000001 492 277.0000000000001 580 382.0000000000001 580 RBC 0
617 380.0000000000001 502 380.0000000000001 502 527 617 527 RBC 0
626 18.000000000000064 419 18.00000000000005 419 250.00000000000006 626 250.00000000000006 RBC 0
386.0000000000001 317 244.00000000000006 317 244.00000000000006 465 386.0000000000001 465 WBC 0