118 49 6.000769315822031e-15 49 1.6410267108574532e-14 219 118.00000000000003 219 RBC 0
101.00000000000006 203 2.486033002269127e-14 203 5.13127008842741e-14 635 101.00000000000009 635 RBC 0
234 40.000000000000014 124 40.000000000000014 124.00000000000003 173.00000000000006 234 173.00000000000006 RBC 0
368 12.000000000000037 218 12.000000000000028 218 157.00000000000003 368 157.00000000000006 RBC 0
640 199.00000000000006 267 199.00000000000006 267 393.00000000000006 640 393.0000000000001 RBC 0
640 390.0000000000001 575 390.0000000000001 575 517 640 517 RBC 0
632 564 411.0000000000001 564 411.0000000000001 640 632 640 RBC 0
318.00000000000006 385 113.00000000000006 385 113.00000000000006 572 318.0000000000001 572 WBC 0
513 43.00000000000006 462 43.00000000000006 462 102.00000000000006 513 102.00000000000006 Platelets 0
484 132.00000000000006 446 132.00000000000006 446 183.00000000000006 484 183.00000000000006 Platelets 0
538 134.00000000000006 500 134.00000000000006 500 179.00000000000006 538 179.00000000000006 Platelets 0
622 98.00000000000009 583 98.00000000000009 583 142.00000000000006 622 142.00000000000006 Platelets 0
637 6.974363521144177e-14 502 6.147726931719713e-14 502 95.00000000000007 637 95.00000000000009 RBC 0