154.00000000000006 305 63.00000000000004 305 63.00000000000005 450 154.00000000000006 450 RBC 0
156.00000000000006 357 105.00000000000006 357 105.00000000000006 423 156.00000000000006 423 Platelets 0
398 275 363 275 363 330 398 330 Platelets 0
478 283.00000000000006 440 283 440 330.00000000000006 478 330.0000000000001 Platelets 0
258.0000000000001 570 198.00000000000006 570 198.00000000000006 640 258.0000000000001 640 Platelets 0
231 50.000000000000014 105 50.000000000000014 105.00000000000001 170 231 170 RBC 0
198.00000000000006 137 88.00000000000003 137 88.00000000000003 250 198.00000000000006 250 RBC 0
165.00000000000006 455 23.000000000000057 455 23.00000000000007 613 165.00000000000006 613 RBC 0
276.00000000000006 403 185.00000000000006 403 185.00000000000006 512 276.0000000000001 512 RBC 0
448.00000000000006 358 343 358 343.00000000000006 467 448.0000000000001 467 RBC 0
483.00000000000006 442 387 442 387 582 483.0000000000001 582 RBC 0
607 468.0000000000001 503.0000000000001 468.0000000000001 503.0000000000001 640 607 640 RBC 0
284 272 150.00000000000006 272 150.00000000000006 418 284 418 WBC 0