286 2.0000000000000253 129 2.000000000000016 129 132.00000000000003 286 132.00000000000006 RBC 0
422 3.0000000000000435 290 3.0000000000000355 290 132.00000000000006 422 132.00000000000006 RBC 0
152.00000000000006 382 68.00000000000006 382 68.00000000000006 520 152.00000000000006 520 RBC 0
112.00000000000006 368 4.50670022086226e-14 368 6.159973399711187e-14 638 112.00000000000009 638 RBC 0
365.00000000000006 383 187.00000000000006 383 187.00000000000006 635 365.0000000000001 635 RBC 0
496 135.00000000000006 379 135.00000000000006 379 262.00000000000006 496 262.0000000000001 RBC 0
401 225.00000000000006 274 225.00000000000006 274 375 401 375 RBC 0
520 308.00000000000006 419 308 419 417 520 417.0000000000001 RBC 0
640 23.00000000000007 495 23.000000000000064 495 290.0000000000001 640 290.0000000000001 RBC 0
363 128.00000000000006 325 128.00000000000006 325 177.00000000000006 363 177.00000000000006 Platelets 0
485.0000000000001 494.00000000000006 349.0000000000001 494 349.0000000000001 639 485.0000000000001 639 WBC 0
452 442 420 442 420.00000000000006 493 452.0000000000001 493 Platelets 0