118 28.000000000000007 20 28 20.000000000000007 160 118.00000000000003 160 RBC 0
215 23.00000000000002 97 23.000000000000014 97.00000000000001 192 215 192 RBC 0
159.00000000000003 212 38.00000000000003 212 38.000000000000036 400 159.00000000000006 400 RBC 0
193.00000000000006 358 74.00000000000006 358 74.00000000000006 540 193.00000000000006 540 RBC 0
305 150.00000000000003 149 150 149.00000000000003 367 305 367 RBC 0
384 142.00000000000006 268 142.00000000000006 268 313 384 313 RBC 0
466 140.00000000000006 365 140.00000000000006 365 297.00000000000006 466 297.0000000000001 RBC 0
321.0000000000001 422 219.00000000000006 422 219.00000000000006 567 321.0000000000001 567 RBC 0
533 483.00000000000006 435.0000000000001 483 435.0000000000001 612 533 612 RBC 0
640 467.0000000000001 540 467.0000000000001 540 635 640 635 RBC 0
640 113.00000000000009 508 113.00000000000006 508 263.0000000000001 640 263.0000000000001 RBC 0
535 5.700730850030929e-14 396 4.849601324623519e-14 396 82.00000000000006 535 82.00000000000006 RBC 0
469.00000000000006 358.00000000000006 313 358 313.00000000000006 562 469.0000000000001 562 WBC 0
439 82.00000000000006 361 82.00000000000006 361 147.00000000000006 439 147.00000000000006 Platelets 0
522 195.00000000000006 473 195.00000000000006 473 293.0000000000001 522 293.0000000000001 Platelets 0