99.00000000000004 214 2.620744150175336e-14 214 3.4473807395997995e-14 349 99.00000000000006 349 RBC 0
214.00000000000003 77.00000000000001 79 77 79.00000000000001 292 214.00000000000006 292 RBC 0
316.0000000000001 481 56.00000000000006 481 56.00000000000007 640 316.0000000000001 640 RBC 0
486 125.00000000000003 250 125.00000000000003 250.00000000000003 345.00000000000006 486 345.0000000000001 RBC 0
289 259 180.00000000000006 259 180.00000000000006 399 289 399 RBC 0
640 140.00000000000006 492 140.00000000000006 492 325.0000000000001 640 325.0000000000001 RBC 0
535 420.00000000000006 384 420 384.00000000000006 553 535 553 RBC 0
449.0000000000001 529 344.0000000000001 529 344.0000000000001 639 449.0000000000001 639 RBC 0
640 510.0000000000001 512 510.0000000000001 512 640 640 640 RBC 0
640 378.0000000000001 520 378.0000000000001 520 517 640 517 RBC 0
450 369 406 369 406 414 450 414 Platelets 0
79.00000000000003 267 54.00000000000003 267 54.00000000000004 303 79.00000000000003 303 Platelets 0
579 262.0000000000001 530 262.0000000000001 530 317.0000000000001 579 317.0000000000001 Platelets 0
266.0000000000001 525 216.00000000000006 525 216.00000000000006 597 266.0000000000001 597 Platelets 0
416.0000000000001 350 245.00000000000006 350 245.00000000000006 563 416.0000000000001 563 WBC 0