555 303.0000000000001 511 303.0000000000001 511 375.0000000000001 555 375.0000000000001 Platelets 0
339 309 306 309 306 354 339 354 Platelets 0
589 575 551 575 551 630 589 630 Platelets 0
139 28.000000000000007 24 28 24.000000000000014 197 139 197 RBC 0
124.00000000000003 184 15.000000000000021 184 15.000000000000032 344 124.00000000000003 344 RBC 0
219.00000000000003 175 115.00000000000003 175 115.00000000000003 337 219.00000000000006 337 RBC 0
240.00000000000006 397 110.00000000000006 397 110.00000000000007 640 240.00000000000006 640 RBC 0
463 50.00000000000006 292 50.00000000000004 292 253.00000000000006 463 253.00000000000006 RBC 0
442 444 320 444 320.00000000000006 589 442.0000000000001 589 RBC 0
560 453.0000000000001 466 453.0000000000001 466.0000000000001 640 560 640 RBC 0
604 6.717187693323232e-14 493 6.037508719796452e-14 493 142.00000000000006 604 142.00000000000006 RBC 0
319 2.6636067881454933e-14 116 1.4205902870109298e-14 116.00000000000001 215.00000000000003 319 215.00000000000006 WBC 0
358.0000000000001 477 319.0000000000001 477 319.0000000000001 518 358.0000000000001 518 Platelets 0