153.00000000000003 145 68.00000000000003 145 68.00000000000003 305 153.00000000000006 305 RBC 0
161.00000000000006 327 70.00000000000003 327 70.00000000000004 473 161.00000000000006 473 RBC 0
255.00000000000006 293 177.00000000000006 293 177.00000000000006 435 255.00000000000006 435 RBC 0
435 219.00000000000006 267 219.00000000000006 267 324 435 324 RBC 0
415 7.000000000000039 217 7.000000000000027 217 202.00000000000003 415 202.00000000000006 RBC 0
214 18.00000000000002 114 18.000000000000014 114.00000000000003 120.00000000000001 214 120.00000000000003 RBC 0
610 85.00000000000007 424 85.00000000000006 424 188.00000000000006 610 188.00000000000006 RBC 0
488 197.00000000000006 400 197.00000000000006 400 352 488 352.0000000000001 RBC 0
524 365.00000000000006 429 365 429.00000000000006 495.00000000000006 524 495.0000000000001 RBC 0
386.0000000000001 365 284 365 284.00000000000006 523 386.0000000000001 523 WBC 0
118.00000000000009 555 83.00000000000006 555 83.00000000000009 607 118.00000000000009 607 Platelets 0
106.00000000000006 495 74.00000000000006 495 74.00000000000006 533 106.00000000000006 533 Platelets 0
56.00000000000004 362 30.000000000000043 362 30.000000000000043 387 56.00000000000004 387 Platelets 0