164.00000000000006 262 76.00000000000003 262 76.00000000000004 385 164.00000000000006 385 RBC 0
139.00000000000006 382 44.00000000000004 382 44.00000000000005 493 139.00000000000006 493 RBC 0
234.00000000000006 422 148.00000000000006 422 148.00000000000006 522 234.00000000000006 522 RBC 0
354 239.00000000000006 271 239.00000000000006 271 384 354 384 RBC 0
326.0000000000001 375 234.00000000000006 375 234.00000000000006 532 326.0000000000001 532 RBC 0
502 163.00000000000006 363 163.00000000000006 363 282.00000000000006 502 282.0000000000001 RBC 0
513 297.00000000000006 359 297 359 405.00000000000006 513 405.0000000000001 RBC 0
620 419.0000000000001 526 419.0000000000001 526 509.0000000000001 620 509.0000000000001 RBC 0
636 543 586 543 586 617 636 617 Platelets 0
523 372.0000000000001 487 372.0000000000001 487 435.0000000000001 523 435.0000000000001 Platelets 0
504.00000000000006 430.00000000000006 375 430 375.00000000000006 590 504.0000000000001 590 Platelets 0
354.0000000000001 492 316.0000000000001 492 316.0000000000001 543 354.0000000000001 543 Platelets 0