304 182.00000000000003 191 182 191 330 304 330 RBC 0
312 112.00000000000003 218 112.00000000000003 218 225.00000000000003 312 225.00000000000006 RBC 0
369 87.00000000000004 330 87.00000000000003 330 128.00000000000006 369 128.00000000000006 Platelets 0
382 60.00000000000004 350 60.00000000000004 350 110.00000000000006 382 110.00000000000006 Platelets 0
428 35.00000000000005 330 35.00000000000004 330 125.00000000000003 428 125.00000000000006 RBC 0
265.00000000000006 354 170.00000000000006 354 170.00000000000006 484 265.0000000000001 484 RBC 0
408.00000000000006 368 317 368 317.00000000000006 505 408.0000000000001 505 RBC 0
484 155.00000000000006 300 155.00000000000006 300 452 484 452.0000000000001 RBC 0
629 72.00000000000007 463 72.00000000000006 463 280.00000000000006 629 280.0000000000001 RBC 0
556 530 467.0000000000001 530 467.0000000000001 640 556 640 RBC 0
640 273.0000000000001 465 273.0000000000001 465.00000000000006 517 640 517 RBC 0
183.00000000000006 275 28.000000000000036 275 28.000000000000046 453 183.00000000000006 453 WBC 0
414 58.00000000000005 380 58.00000000000004 380 102.00000000000006 414 102.00000000000006 Platelets 0
403 159.00000000000006 357 159.00000000000006 357 204.00000000000006 403 204.00000000000006 Platelets 0
456 153.00000000000006 415 153.00000000000006 415 212.00000000000006 456 212.00000000000006 Platelets 0
580 187.00000000000006 530 187.00000000000006 530 253.00000000000006 580 253.00000000000006 Platelets 0
70.00000000000006 482 38.00000000000006 482 38.00000000000006 517 70.00000000000006 517 Platelets 0
567 340.0000000000001 542 340.0000000000001 542 373.0000000000001 567 373.0000000000001 Platelets 0
609 117.00000000000006 579 117.00000000000006 579 165.00000000000006 609 165.00000000000006 Platelets 0